"condition" "B" "cancer" "CD4" "CD8" "M0" "M1" "M2" "Mono" "Neu" "NK" "CYT" "IMPRES" "Roh_IS" "chemokines" "Davoli_IS" "IFNy" "Ayers_expIS" "Tcell_inflamed" "MSI" "TLS" "CTLA4" "PD1" "PDL1" "CMH1" "Androgen" "EGFR" "Estrogen" "Hypoxia" "JAK-STAT" "MAPK" "NFkB" "p53" "PI3K" "TGFb" "TNFa" "Trail" "VEGF" "WNT" "deconv_signature" "deconv_method"
"1" "Pt11_On_AD314068.6" 0.0152420549143481 0.897714604308586 0.0148474873163685 0.00099425820680725 0.00397602698941925 0 0 0.0671151688152633 0 0.000110399449207505 775.943155198884 8 2441.34007195354 -2.53487693112846 0.652472527472527 13.5828379760626 11.3072237516076 1.2873835289436 5 898.049244281529 551 80 1283 33514.6238043519 -0.0737470386479233 0.735565704303852 0.873395991525816 -0.0706995190193841 0.464932425234626 0.442059205486443 -0.0606498040152526 0.826828953877954 0.745822855734344 -0.169050576778065 -0.0411740047387835 0.218170352329287 0.0101955507819007 -0.377751875046632 "BPRNACanProMet" "Epidish"
"2" "Pt11_Pre_AD153352.6" 0.0118177580289302 0.921390516774344 0.00624344525463978 0 0.000765981149351735 0 0.000578356635890076 0.0589457235838918 0 0.00025821857295272 602.684063253708 8 2546.8508828165 -1.87039322786939 0.60989010989011 13.377687497992 11.1342159724089 0.978271335994073 5 668.957917676349 401 117 888 38814.8367631424 0.0802331133496182 0.80492765526598 0.0862023814631509 0.0757017943798909 0.627760451052872 0.305567681924858 -0.0693855624560803 1.23443060062982 0.44739447410975 -0.0696986790103202 -0.0432357703344727 -0.22480611508779 0.188156143451133 -0.681152935632171 "BPRNACanProMet" "Epidish"
"3" "Pt13_On_AD314067.6" 0.0426591833983809 0.846817640662341 0.0188174489634237 0.0129815971017365 0.000924099702061951 0 0.000742342102645379 0.0769149062516176 0 0.000142781817792922 1568.78533588889 8 3329.68369758707 -2.4433777396513 0.817307692307692 13.975424706239 12.0043210912857 1.97654258337821 6 4404.59911442428 441 457 1959 41536.025512319 -0.0645172705677033 0.490232799104252 -0.489137467455126 -0.630157379176312 1.36504248376723 0.644215699406661 0.00923739122210283 0.349034280224221 0.213866414380795 -0.0453482438712022 0.0216157243131875 -0.554639816381674 -0.345089865625078 -0.0569244851935839 "BPRNACanProMet" "Epidish"
"4" "Pt18_On_E9261163.5" 0.365512723718937 0.460947890304103 0.0622276390210635 0.0595141023195477 0.00279711306190645 0.0118519183061744 0 0.0371486132682678 0 0 2111.39611397293 14 3962.3176535963 -2.00323480697633 0.936813186813187 12.2527126591943 12.5104723315102 1.35263225013005 7 80149.8622254976 1048 937 1076 27741.2361015227 -0.385660564451304 -0.727043503811638 -0.977223580819254 -0.919217446177666 0.116748995989254 -0.348959747162727 -0.0927505059569932 -0.897029924828621 1.03451165612114 -0.64119247344802 -0.0921541404276292 1.24119582335156 1.11851084659092 1.01431261363544 "BPRNACanProMet" "Epidish"
"5" "Pt18_Pre_E9024732.6" 0.195807311293568 0.715093724470008 0.0413263241104574 0.0140561894320582 0 0.00592993054008257 0 0.0277865201538259 0 0 904.222693864736 8 2865.2515199439 -2.01799881983012 0.768543956043956 12.0947394346489 11.6564403587668 0.4969036134397 4 34204.6275189454 625 186 1203 19215.014715598 -0.125106221573057 1.8066013532504 -0.359598423391847 -0.429540150485685 0.0935693208161096 1.3337636687812 -0.0556729371378866 -0.316010598318443 1.09858313794893 -0.677243783192321 -0.0677919990764354 0.36910979764755 1.8372470156809 0.911197253500427 "BPRNACanProMet" "Epidish"
"6" "Pt24_Pre_AD436687.5" 0.0362799275156548 0.750980679892065 0 0.00404386029280782 0.0565526663855772 0.021805085255623 0.0029280875749718 0.127409693083301 0 0 423.348449979447 7 2828.87868340626 -2.10384295051793 0.567994505494505 10.7783358101967 10.2733916352798 -0.19517488469243 6 8396.53593776534 101 29 1021 15698.2066010754 -0.223803442571885 -0.498276580480384 -0.278415442389822 1.23065272817689 -0.126463446515477 -1.90322303315537 0.000414623472939529 0.503638336671725 0.927701150759231 0.268189167466059 0.0187533980023478 1.35262273323822 1.18256901615802 0.605526638447942 "BPRNACanProMet" "Epidish"
"7" "Pt27_On_AD467934.5" 0 0.965069913624326 0.0109587655025507 0 0 0.00205361763121709 0.000219754754981087 0.0202573269497287 0 0.00144062153719586 331.533874739822 6 1310.72514643468 0.518265021348 0.433379120879121 10.3976427212207 9.52734308282608 -0.872732818604745 5 1485.28566217481 2833 36 555 10282.7967734742 0.091525334747868 1.68217317127383 0.302014228465576 1.82757047507443 -0.63192566720732 0.724079049115707 -0.143811157739058 -0.992076026371469 0.756093681714405 0.889033269515674 -0.155588097061283 -0.183970871895413 0.968654800590348 0.00577473917718735 "BPRNACanProMet" "Epidish"
"8" "Pt27_Pre_AD453873.5" 0 0.951172599876326 0 0 0 0.00249900749223092 0.000735710942796886 0.0447040191448347 0 0.000888662543811913 233.677256274546 7 655.828241320543 2.4230357825252 0.344093406593407 9.63100452857145 8.78148925712065 -1.32389120596241 5 898.184043779248 2288 11 170 4901.5964294524 -0.185360105050967 0.949049169774919 0.498976665509823 0.267837840982069 -1.16450703101887 0.806363666805186 -0.209568695781729 -1.15990931308504 0.845232930507283 0.0734103983032185 -0.220598278950197 -0.0142697731333807 0.798193058425117 0.288231921348358 "BPRNACanProMet" "Epidish"
"9" "Pt28_On_AD167375.7" 0.0337257362374679 0.859818753879253 0.00700695509396297 0.0390618130185444 0 0.00362307975199538 0.000477428264945809 0.0562862337538308 0 0 2506.37425180279 8 3379.50003080977 -2.72878509949145 0.902472527472527 13.1456631986054 11.8768877313037 1.25308114917362 5 1217.50238666724 379 415 1186 17516.3393920857 -0.266602029297068 -0.456615161455091 1.23052401217423 -0.182436920390434 -0.24199485034074 0.104098893070086 -0.119917260896916 -0.605719605292708 -0.278505936757105 0.247929681165694 -0.145254641685746 -0.166006657198536 1.11582353646692 0.265833029467328 "BPRNACanProMet" "Epidish"
"10" "Pt28_Pre_AD297619.6" 0.0436321291896643 0.905449372100642 0.0142644817396032 0.00343741846279391 0 0.00181650668367601 0.000745038658204889 0.0306550531654152 0 0 277.491909972165 9 1014.28980771286 -0.186941803576619 0.456043956043956 10.8610893021936 9.44376088235799 -0.721876425102793 4 775.57118030473 85 22 291 6359.3851327725 -0.158588698874803 -1.11297549357814 0.567826516837093 -0.72636535945074 -1.10055940818165 0.16655567824085 -0.213539986707416 -1.25246141373317 -1.21348346025107 -0.269561559599819 -0.23670317162052 -0.423128150981677 0.251899143915325 -0.383669669439138 "BPRNACanProMet" "Epidish"
"11" "Pt29_Pre_AD497504.5" 0.0273412417970834 0.924856061262642 0.0113520427432566 0 0.00211733412712874 0 0 0.0343333200698892 0 0 207.9000002405 8 1167.59827745353 0.39812895103616 0.348901098901099 10.805572065843 9.44370979678773 -0.837472643391741 6 687.5090791174 40 28 401 7871.99569543369 -0.0176571922612309 0.271390919112589 -1.02826418892255 0.307653529186826 -0.234813955787642 0.652888821061 -0.18264357418711 -1.0555318917011 0.456011297179115 -0.350404298628045 -0.193623717800357 -1.25789346680786 -1.02087058077053 -0.28671256240199 "BPRNACanProMet" "Epidish"
"12" "Pt3_On_E9047638.6" 0.0106454498304994 0.954169377486302 0.00812456133681035 0 0 0.00266283232797494 0 0.0203883008613568 0.00389127638796869 0.000118201769088236 428.866634398154 10 1595.43560939974 -1.34046771457581 0.528846153846154 11.3278998860561 10.2372204665308 -0.178511417378428 5 5878.13342171716 238 98 587 20770.9041339049 0.35579896643044 0.267842872736496 1.60633966317948 -0.171269029633751 -0.121250899675776 0.323822982594678 0.0396758011885756 0.268046768363317 0.605343981757691 0.00486071960990385 0.0351749121923868 0.220553744419036 0.0984191210342837 0.34542846487191 "BPRNACanProMet" "Epidish"
"13" "Pt3_Pre_E9024733.3" 0.00472102861112476 0.968012144951534 0.0122636916762173 0 0 0.00211859707969507 0 0.0128845376814288 0 0 36.3426760159458 9 518.808303752233 1.39479010901703 0.121565934065934 9.45379105339947 7.88248392098978 -2.44356909545371 3 1618.58514955819 74 22 140 7707.33619489909 -0.0862126993161011 0.789670293052151 1.18520358523742 -0.0813579460021068 -0.953909832248645 1.05024371547048 -0.0953027053028793 -1.26408711328884 -0.246670261359791 0.6740752538961 -0.116809750899081 -1.34100548065364 1.31851366261586 -0.510275710528456 "BPRNACanProMet" "Epidish"
"14" "Pt30_On_AD505620.6" 0.0182474682913586 0.677194045477506 0 0.083153481193549 0.0315772322066996 0 0 0.189827772830887 0 0 5195.87177671852 8 6857.43544479205 -3.73229566971199 0.968406593406593 13.4049456948747 12.8085775457896 2.29547737836712 6 3108.27462119145 772 1619 2286 39929.3749985327 -0.391388099036751 -1.16742936746273 -1.62827956932999 -0.506969829860484 1.58762584756208 -3.05433304920877 0.043402207434478 1.02465812808039 0.426779596739371 0.9829839024446 0.054080598520895 1.22387868872323 1.16134051279239 1.24586291367041 "BPRNACanProMet" "Epidish"
"15" "Pt30_Pre_AD497503.5" 0.0243115395153358 0.951316700196705 0.0155682584781507 0 0 0.000320447935554993 0 0.00824311098515416 0 0.000239942889099277 64.9792282194857 9 464.021972281069 2.18376353463321 0.210851648351648 9.75823469556763 8.33060562327428 -2.45876063088558 5 144.417883032738 237 19 117 4662.67938277225 -0.526334820707699 -1.06296291810749 2.34123777753987 -0.281824708439101 -1.15789329214794 0.359359460978469 -0.263531236093306 -2.73025576226333 1.08013533435119 -0.823384259229237 -0.276545874596667 -0.82070526956619 0.423301077986987 1.35456640488543 "BPRNACanProMet" "Epidish"
"16" "Pt31_On_AD467932.6" 0.0532437588119266 0.795914201456929 0.0955597748323157 0.00642848653851427 0 0.00514091667289248 0 0.0433608792310675 0 0.000351982456354777 1036.85090543434 10 3518.35304800981 -2.75565514069079 0.78021978021978 12.8354500055178 11.5820166841585 1.7454396408551 5 1805.81522054393 670 206 1868 47169.9524494499 0.0348339445157628 -0.266524491762264 -1.34618511231757 -0.589257854544543 1.67464770415246 -0.501606661153485 -0.047876192401589 0.11970164510792 0.473729639862177 -0.689145243532085 -0.0168747219585267 0.0495267274863068 0.419681827310194 -0.0445765170049495 "BPRNACanProMet" "Epidish"
"17" "Pt31_Pre_AD453872.5" 0.0669711779183818 0.844733371476548 0.061290830878341 0 0 0.00162199089683217 0.00261938542959495 0.0227632434003021 0 0 368.913933187675 8 1538.75742908874 -0.635729455075892 0.528846153846154 11.6146053055696 10.322238047636 0.751893889249508 5 1163.12678937633 307 79 582 33215.2635621556 -0.266901826592872 -0.687838928583147 -0.582601219970643 -0.807280065418377 0.281384261075359 -0.236322794371249 -0.169977363506324 0.269986509351551 0.529714971928585 -0.683701602916532 -0.142193815353634 0.17610675980597 0.41693750434651 0.278054643644446 "BPRNACanProMet" "Epidish"
"18" "Pt44_On_AD167376.6" 0.0120577518084965 0.893418739431516 0.000856096069463591 0.0237212191121066 0 0.00125290949013182 0.00530568608356176 0.0633875980047238 0 0 1241.05844346671 8 1798.31764853437 -0.0405911107115203 0.75206043956044 11.1872835659231 10.6753216391285 0.529622936738939 6 2252.28806063532 70 168 310 14466.7909418957 -0.49064256903176 -0.701802720666363 0.815053579922578 -0.290885528372405 -0.304433280424928 -0.757314773677784 -0.156720171167719 0.186916531987773 1.19526108972246 7.31843029989768 -0.164027366757565 0.631919976867374 0.325224564485061 0.492267363834947 "BPRNACanProMet" "Epidish"
"19" "Pt44_Pre_AD467790.6" 0.0223933757570148 0.894282625414746 0.0103989837089874 0.00575095478306063 0 0.00409472863329722 0.000609092400604447 0.0624702393022892 0 0 1082.70669162982 9 2750.42562089896 -2.71122672794439 0.73489010989011 13.118584655055 11.3247090620602 0.957707509861874 6 1095.10665583005 389 150 705 18259.8233553588 -0.218624700693497 0.395859870788072 -0.347496814271986 0.0501516234416273 0.33218704888378 1.18122425291872 -0.102448201877502 -2.40432379203764 1.05232587771962 2.02211327132949 -0.119449805331394 -0.734746398936701 -0.533906320613186 0.746664538581981 "BPRNACanProMet" "Epidish"
"20" "Pt5_On_E9047635.6" 0.0213800488077013 0.881164918475732 0.0116213503235383 0 0 0.00113921982117635 0 0.078821454117184 0.00563293768725834 0.00024007076741013 549.455448694432 5 1599.32133768073 -0.41776380222894 0.53021978021978 11.5646508581564 10.2734704149633 -0.243076134381113 4 170.737195871344 238 198 836 28598.897324466 -0.130847849302074 -0.142258802189271 -0.201318468291692 -0.216177008272823 -0.196957778708503 0.196497099627388 0.081952297140043 -1.26246257473445 -0.684826316603095 -0.677741837773129 0.0892516673855901 -1.42694533003045 -0.125079419779233 -0.536542810357481 "BPRNACanProMet" "Epidish"
"21" "Pt5_Pre_E9021022.6" 0.0441727515103332 0.849501991931951 0.0397988397784105 0.00568187824975355 0 0.000197916541680785 0.000267160767259215 0.055891590642823 0.0029953423824339 0.00149252819535536 998.399153695555 4 2118.43493983932 -0.331760599252494 0.703296703296703 11.6827952900618 10.778399195066 0.131982873518386 4 668.800813578023 295 366 501 28916.5366480645 -0.468454929945926 0.0193628386970786 -1.24466116908421 -0.783880417517244 -0.335002204058598 0.029056980227086 -0.157656021547019 -0.639178264687053 -0.337136459097273 -0.831177220950905 -0.149492138750772 -0.112915693845844 -0.112754618487347 -0.173117681723527 "BPRNACanProMet" "Epidish"
"22" "Pt62_On_AD635728.5" 0.0127240330713491 0.969860020161928 0 0 0.000710450505375267 0 0 0.0165935857273588 0 0.000111910533988719 105.551883450747 6 542.568171601902 2.34386797433363 0.162774725274725 9.89392832994924 7.86593041221564 -2.07946216705933 4 764.906423217996 18 16 432 4537.88124484529 -0.261527497481982 -0.533081818789461 0.884816198261251 -0.622182421463448 -1.05214576653491 0.492404329939851 -0.186242789630051 0.0464134712381945 -0.843051656534725 -0.623221061809731 -0.200266981361425 -1.51498028483936 -0.0692710864624661 0.232260640812918 "BPRNACanProMet" "Epidish"
"23" "Pt62_Pre_AD608303.5" 0.0106974168903009 0.983154200168094 0.000892394707968511 0 0.00139371546043269 0 0 0.00386227277320445 0 0 36.8979687787824 8 420.059130684842 2.71079042744619 0.151098901098901 9.32253282249493 7.8792782954828 -2.38069910749758 7 232.083513480082 12 13 270 4442.60310678122 -0.54451895242176 -0.196437995026777 0.204688816772676 -0.0164746085171073 -1.18688126574824 0.517271701198373 -0.241140391426169 0.370651155959641 -0.837792900028978 -0.832828051740471 -0.256251013872959 -0.120513176728239 0.155915830432771 1.73425415392662 "BPRNACanProMet" "Epidish"
"24" "Pt66_Pre_AD667850.6" 0.00736735644073077 0.911570800476846 0.0693557120876712 0 0 0.000761621099278228 0 0.00803116727717695 0 0.00291334261829682 82.2294965325704 8 654.105253358029 1.24760296938936 0.168956043956044 9.31554321060585 7.94371944007128 -2.13591091248186 7 217.351217411191 15 32 276 14677.9154763395 -0.142383392056572 -1.04820694877688 0.616571417218043 1.82637881859518 0.116296943134935 0.160295317253326 -0.190653263937083 -0.0521977203288614 -0.0829356132424443 -0.555206512502249 -0.208556001551515 0.457435621076965 -0.984910629088449 0.101128212135828 "BPRNACanProMet" "Epidish"
"25" "Pt72_Pre_AD793922.5" 0.00740916895663513 0.961985640217109 0.00560718708442025 0 0.0197714083133914 0 0 0.00522659542844459 0 0 16.9811689821402 7 228.035422576847 3.35809289880345 0.0892857142857143 8.29681731244492 6.92342845953256 -3.29325261871211 6 86.3628892472459 12 10 157 5573.26967139066 0.0859652469679626 0.884441232007084 0.0833452044039717 1.32888544674701 -0.945404288914141 0.558932842399311 -0.159758648978081 -0.439245707552321 0.597886945898442 -0.361465291118966 -0.151547546207081 -0.39713868401396 -0.172225762716258 -0.763972807424413 "BPRNACanProMet" "Epidish"
"26" "Pt8_On_AD167380.7" 0.008931423002066 0.958982782239495 0.0156407009051482 0 0.000607872410469588 0.00149118409814397 0 0.0132005302313088 0 0.00114550711336821 409.364385480711 6 2018.53060511813 -1.62993204981314 0.475274725274725 11.8253424883475 10.2060197216472 -0.454588639840044 4 709.567470739049 73 105 428 38956.0905098468 -0.194614109386499 0.690611799094769 0.133468295637906 -0.0596345058918065 0.558708412480255 0.118600887701286 -0.0414906671161538 0.486947184384455 -1.47347174368368 -0.239454818311857 -0.0121565676866264 -0.466243198101946 -1.24612183308681 -1.42686764529912 "BPRNACanProMet" "Epidish"
"27" "Pt8_Pre_AD153354.6" 0.015261052395278 0.949048143403678 0.00484503638700757 0.00123935551723413 0 0.0025971482085721 6.43732323177576e-05 0.0269448908559123 0 0 457.446379480699 7 1753.68234795414 -0.834625326298268 0.531593406593407 11.1129388865412 10.0369144099227 -0.560456413061006 4 1437.71750045489 110 70 255 24926.4998153042 -0.224211479441484 0.497384374909949 0.663708000041875 -0.431012567316134 -0.0437734977531087 0.298103396171705 -0.108579077450283 0.0256723265175354 -0.460565912992063 1.29825251870073 -0.110272767255747 -0.3305663764268 -0.356626457118936 -1.09307655726238 "BPRNACanProMet" "Epidish"
"28" "Pt84_On_AD495199.6" 0.00284790550724143 0.988718414881285 0 0 0.000544163398967153 0 0.000986299738243116 0.00690321647426353 0 0 10.5933988879868 7 124.795347608936 6.18077254918513 0.0357142857142857 6.25973582814332 5.32583035694975 -4.42919822976599 5 96.3556498843288 0 2 84 2229.15592447163 -0.384709007731989 -0.204641819025212 1.95642627627478 -0.695793358565793 -1.22045089717417 0.144064445319025 -0.201812373781066 -0.50653004257179 -1.5112184606408 -0.48244181298911 -0.247779235403448 -1.06568495166384 -0.948033660318362 0.155444313594513 "BPRNACanProMet" "Epidish"
"29" "Pt84_Pre_AD486532.5" 0.00319475698579661 0.990356229049987 0 0 0.000376841031730084 0 0.00118598997865771 0.00488618295382838 0 0 9.39095841754184 8 84.880481754948 7.67737193531257 0.0171703296703297 5.24921313737778 4.64180602161446 -4.82206290893457 5 124.435827466642 0 1 96 1867.47678814548 -0.460490137028053 -0.283385274283031 1.63752546005241 -0.825243003270303 -1.27333217053914 0.236137601730007 -0.210971617495706 -0.206994287021213 -0.895800113282461 -0.702502358524496 -0.255061025484622 -0.846894494529547 -0.738790160023871 -0.133711465750398 "BPRNACanProMet" "Epidish"
"30" "Pt9_On_E9047644.7" 0.00163027934596654 0.947355624424157 0.00921880237320501 0 0 0.0194147140536859 0 0.0223805798029855 0 0 50.8151562036367 7 475.801775903857 2.4519166934801 0.120879120879121 8.46719236305047 7.51448048172225 -2.98118861959181 5 1902.47008688441 52 10 118 5366.06235309842 -0.177768234253552 2.47173539121519 -1.80526117115288 0.515774684074342 -1.05550234192664 2.40818026616381 -0.174714854308854 -0.949181312888207 1.23939682794331 0.691795211949714 -0.183089594537606 -1.00165838129858 2.85470363411788 -0.760261245240776 "BPRNACanProMet" "Epidish"
"31" "Pt9_Pre_E9021024.6" 0.00583206710603586 0.913747275724481 0.0124359699935775 0 0 0.0477566873341064 0.000274857857521243 0.0199531419842774 0 0 58.49111129052 8 417.773906993387 2.73478622492549 0.160714285714286 7.75697644352598 7.51573913091826 -2.84315397674351 5 1578.85811792692 66 2 169 6004.18170231554 -0.129990950320758 1.88273866396449 -1.46757985423142 0.625696697702108 -1.01948067475926 2.09748054960388 -0.18362146136047 -0.812419840018039 1.24468014706748 0.538769319201007 -0.197853962124139 -0.76926110463806 2.54166219816908 -0.592782731688277 "BPRNACanProMet" "Epidish"
"32" "Pt94_On_AE373242.6" 0.00380896691631032 0.965223291035425 0 0 0.00105463519305019 0 0 0.0299131068552144 0 0 520.994644982076 9 1376.35959199902 -0.672283223901463 0.45467032967033 11.364128040655 9.96341002091435 -0.294083660757662 4 6778.47748988233 736 177 309 9609.03460870748 -0.29107394218648 -0.638042509346257 -1.1048580489658 -0.508598756987949 -0.724082691767244 -0.685644980894813 -0.0862919489084041 0.786095249157097 -2.30148097905475 -0.350163938427126 -0.0779149115445124 1.25112132615018 -0.538756077441274 -1.48106047313864 "BPRNACanProMet" "Epidish"
"33" "Pt94_Pre_AD732850.6" 0.0158902398713532 0.940009144796411 0.0176425200184022 0.00280878004851023 0 0.00122664446278505 0.000164933422380947 0.0222577373801571 0 0 370.22632280809 9 823.106840972107 0.842396677117276 0.520604395604396 9.25529781109475 9.26961245920975 -1.88960866688662 4 6480.80889137653 1598 47 128 7436.70947344714 -0.298342802629039 -0.0263866693928515 -0.743554922178871 -0.0905290706596523 -1.04272252738974 -0.168815670443266 -0.199588343406684 0.754882804060635 -3.81852304709072 0.0108495527935694 -0.213448014730355 0.6975050440683 0.364090177687052 -0.184604657685017 "BPRNACanProMet" "Epidish"
