"","B_LPVan_Subgroup_5","B_LPVan_Subgroup_1_6_4_2_3_2","CAF_LPVan_Subgroup_1_2","Cancer_LPVan_Subgroup_3","Cancer_LPVan_Subgroup_1_2","CD4_LPVan_Subgroup_3","CD4_LPVan_Subgroup_1_2","CD8_LPVan_Subgroup_1","CD8_LPVan_Subgroup_2_3","M1_LPVan_Subgroup_1_5","M1_LPVan_Subgroup_2_6","M1_LPVan_Subgroup_3_4","M2_LPVan_Subgroup_1_3","Mono_LPVan_Subgroup_1_2_3_4","Neutrophils_LPVan_Subgroup_1_2","NK_LPVan_Subgroup_1_3","Dendritic_LPVan_Subgroup_1_3","Endothelial_LPVan_Subgroup_1_3_2","Macrophages_LPVan_Subgroup_1_2"
"LP.01.01",0.230591219483243,0.0596014373812047,0.448932781712377,0.110783412332643,0.719038376613281,0.231914572944441,0.0690805113464302,0.0193136819498509,0.0181516686470017,0.14229070167857,0.103584834275444,0.326237383419725,0.195896967317729,0.0786223225609331,0.0794630009844858,0.0551958745103684,0.0400492698090404,0.122613639674115,0.239078276830382
"LP.01.02",0.202766107885333,0.053256039626277,0.379677627840627,0.046956203993361,0.697729938057366,0.197750715437094,0.0528425997307742,0.014575411442109,0.0713183552009773,0.107508243012423,0.093992065078912,0.522762432257856,0.117207332810698,0.0882162691687816,0.159899404302585,0.0173534144164274,0.0560873152754813,0.232857686523776,0.195627574643395
"LP.01.03",0.169338722965091,0.0643506624637436,0.303610839625859,0.0252357860583569,0.638396273083223,0.173349176996426,0.0825586268165409,0.0162087509320714,0.0359571651619759,0.127382759551289,0.102103985395751,0.459059571587008,0.122668664605769,0.0998033508313838,0.174494167043047,0.0166601358451839,0.119951994185828,0.201957104128882,0.246946708092329
"LP.01.04",0.279188398458957,0.0492601322212556,0.554832771002701,0.512708065101813,0.71727387741748,0.0794094332667167,0.0189090487220273,0.0206867106046785,0.130115147055331,0.128573153102549,0.0850931261639071,0.309019976231606,0.0807261308405884,0.0825212762866359,0.0688358420377068,0.0106475962616274,0.137973110116228,0.100217113636212,0.0930021235776211
"LP.01.08",0.270864433967497,0.0704007712625993,0.561534432196514,0.26410487314364,0.727819125990527,0.202422501880961,0.0361912265927621,0.0172566281223209,0.0213913917032848,0.138085507907958,0.0814628599272315,0.371156151386796,0.0755140195004873,0.0635236535512951,0.0822642536511462,0.0172402907353706,0.00682750995274867,0.0814505591332269,0.17417408890609
"LP.01.10",0.18766367672063,0.0411975359292984,0.478716689291816,0.170678438685929,0.759000226766382,0.248952511316075,0.0481018670456847,0.0174773214884938,0.0473157636986419,0.245380253420667,0.0846388848800468,0.403337099782624,0.138236199690549,0.102459734665979,0.0839699874087397,0.0505743622602195,0.0886021159607823,0.106435956854388,0.195710353984381
"LP.01.12",0.096035233770998,0.0492219124908077,0.348377545836919,0.00726594525804927,0.663696506415471,0.121305106430856,0.0574850496100756,0.0238755753512073,0.023874615593441,0.225137450332027,0.106069590475245,0.680517016198206,0.078160240885697,0.125252739356575,0.139840214581846,0.0330619391720058,0.00596988326903869,0.233198092998836,0.239432149963827
"LP.01.14",0.245093296354935,0.0826624235698742,0.423682238343905,0.277951020631376,0.717872827466894,0.0996333412935199,0.0887159528514527,0.0293202455518333,0.0743134088883877,0.34076388497016,0.095803216080835,0.394091206742809,0.0610196683335654,0.0735514301893389,0.0572249122842885,0.0339643593110521,0.0401962053410071,0.0752696236358967,0.199992263181161
"LP.01.15",0.353630945281651,0.0493665951057022,0.463754980807462,0.320927262303071,0.692250586187956,0.185181220791572,0.0344151779530977,0.0198559738062256,0.0929950797928517,0.170628527256015,0.0997310007601449,0.322050275078971,0.12942506925277,0.0699475024953345,0.150796760519392,0.00666225680492974,0.0679274835437696,0.180515107894838,0.147902750354898
"LP.01.16",0.16733329113277,0.0572000063390397,0.450721721898081,0.248070475474561,0.695445363860915,0.0781960006376488,0.0745079985191623,0.0289678426567592,0.0629543638519067,0.29028440624899,0.0812498833237798,0.559453264322308,0.0494639576043761,0.0701833525487223,0.0814815943148846,0.0363394248719909,0.12064396983133,0.0343802350640002,0.182835273838522
"LP.01.18",0.215675255685006,0.0398012716807822,0.36560019392735,0.265292421969765,0.726589927323646,0.0937473116693807,0.0561176851554118,0.0143987782373218,0.0692797252042131,0.290213455978876,0.0879440301316659,0.539037001880438,0.0865418807163979,0.0869985623374384,0.125902310124727,0.0118120398240981,0.118297788232237,0.0729684840799123,0.297332539883938
"LP.01.19",0.124293048357398,0.0486744814912689,0.344121882784428,0.0519306178519178,0.682388760504321,0.27515458288774,0.117405188350107,0.0135577369991703,0.0410275224184735,0.307816850899365,0.095699337926187,0.57706308641426,0.0454372927949202,0.102233419846177,0.115194813464357,0.0325460747734056,0.0475329408421823,0.202832898107548,0.186970476010986
"LP.01.20",0.232708450330123,0.0674511995703554,0.602241995323702,0.18905402716427,0.734486051831345,0.231004571987789,0.0204275749908735,0.0133415137568164,0.0963624427953788,0.223612455667908,0.059617802290887,0.287035823441719,0.0157083879610953,0.0794632808756134,0.113831620227968,0.0177257878986103,0.0836294281340354,0.0970460929011756,0.0568038417196305
"LP.01.22",0.273004150465231,0.0588581212899124,0.436667652588336,0.334890064090786,0.728753237981358,0.182241710137014,0.0103160417617782,0.0134724668054319,0.0955926346500171,0.0434283108723434,0.0918974208055899,0.133003396962146,0.250321300375424,0.0274922100598654,0.0825298860937031,0.0118185495226099,0.201544595413779,0.207590294087395,0.0748275965467154
"LP.01.23",0.165510748843583,0.0461181363837964,0.461730371358944,0.146921841831761,0.722559547100015,0.164146557625729,0.0471910146904438,0.0095696459398437,0.0638629588637666,0.241609377513114,0.099724056286015,0.707968637786505,0.0576995795556547,0.086608818409588,0.104659585649829,0.0157219848144608,0.0174279221498601,0.150965503491686,0.215114547818469
"LP.01.24",0.146368808869605,0.0808966793878961,0.33495970006905,0.0239931457727226,0.647218074295219,0.252271152379637,0.143432940426885,0.0263355342360792,0.0473146039825433,0.206326361760929,0.0989092032624438,0.425573278609786,0.126783609731122,0.109210568590526,0.167730489927492,0.0319133293754544,0.0637796211234841,0.136182735851155,0.199231613668409
"LP.01.25",0.224054813736112,0.0539934998202003,0.442116930356485,0.0959486660745839,0.70053860607148,0.184560950938401,0.072604184974435,0.0145430231852604,0.0609216787209076,0.21576838176651,0.0663425180211163,0.615564419472401,0.0583643976803108,0.0945524223279886,0.148474884527852,0.0263210466394552,0.034111480298169,0.114938609356128,0.217535282722048
"LP.01.28",0.177263030924383,0.0642965275897106,0.496923109201872,0.0306741566850749,0.680499438869641,0.140752095806322,0.0433871716388436,0.0200152120002163,0.0370140903942163,0.169164053972126,0.0891586698140762,0.365884151227172,0.329498737761654,0.0970746245698103,0.12390118855059,0.0327899277807386,0.0301512315309302,0.163006077420895,0.16257662058181
"LP.01.31",0.255664371586858,0.0541479487017753,0.439380774207251,0.121905730620216,0.731701576500414,0.0731708374486993,0.0163923480500956,0.0102179972859738,0.0828322631414944,0.0763582686285254,0.0926850439083993,0.564188485031561,0.177491578012126,0.0559288505795147,0.0771808234226526,0.0206812594240124,0.0939686604190143,0.213461894911912,0.126796095243972
"LP.01.32",0.283975237199177,0.0553765201856285,0.529929930219969,0.407245413067179,0.743729094712969,0.122296683673014,0.0365372722331923,0.0182263201430994,0.10513885898668,0.170487715037642,0.0669418671059423,0.431676489196989,0.0841530938997867,0.0404330300504444,0.105944821621124,0.00791391757703456,0.115212855486913,0.126385105267621,0.0904761375371824
"LP.01.34",0.104026418501833,0.0515464596038374,0.458445273052151,0.252687625906665,0.690911810809454,0.0990853466503782,0.111687853398682,0.0104737587237801,0.0809236519962853,0.322978013605264,0.0949188815981714,0.65269802657169,0.0312687387979007,0.109753555656362,0.0550546555002814,0.00544009775941753,0.065261802689477,0.0502592957092217,0.141191614326182
"LP.01.35",0.100684189821899,0.0603912440389701,0.429766620800489,0.0157455023609631,0.648195557641553,0.170864017089305,0.13984608165728,0.0159147335239747,0.026628814818937,0.345718091736225,0.0978887797391697,0.744111378623922,0.0271452230227715,0.0966334530913648,0.0901419666360166,0.032788492542914,0.0321961586355299,0.0431369078100207,0.19624753980163
"LP.01.40",0.139403393596311,0.0444415315147791,0.385279790283647,0.599156669996489,0.690652284746462,0.063090049905571,0.0542534550853319,0.0219162603006524,0.086997555612867,0.241706199321708,0.100821605355146,0.272793268930011,0.0255924502557624,0.0832754863068389,0.1083000422969,0.0171132016506732,0.264691445198107,0.0747783698122943,0.117537298841081
"LP.01.42",0.086644315530094,0.0686715886347768,0.513029500284498,0.403944906180238,0.699050722362805,0.083471105928326,0.0918447514144003,0.0104905183604514,0.0971913500925063,0.27628132628823,0.0612105959344211,0.568957639478413,0.0142885657475527,0.0817815564054717,0.0647066131401662,0.0137755164758033,0.154362356321368,0.0276332789699143,0.0776951232438579
"LP.01.46",0.308455803314192,0.0532777968800206,0.378293278939543,0.158399922325041,0.685985406196488,0.252193206202435,0.0423734673591928,0.0181052066242324,0.107964076394254,0.146447762588406,0.0758597161578741,0.314346673634436,0.21014441152879,0.0926217611655163,0.0737157633831159,0.0410303125767906,0.135451816325202,0.106782192101457,0.278223695006932
"LP.01.47",0.14466881008826,0.0400110243172129,0.33848596568076,0.0908763394605071,0.696646963063047,0.144758582016279,0.0811871512378003,0.0146651074979016,0.0739666573270465,0.213863195877342,0.108143543621663,0.662960938823868,0.0912653838021313,0.115396152528852,0.0786781340115284,0.0241880058026434,0.206541934606779,0.0458433938702455,0.26516273871718
"LP.01.57",0.126509287375563,0.0662542374894885,0.386621304757387,0.16323954771205,0.719561832105347,0.154983216188808,0.0623106315993243,0.0243990229456094,0.050634240254992,0.256459026411556,0.0716628568393453,0.662502257706177,0.0362758021548847,0.0978369490744902,0.113254821116767,0.0143844772643374,0.162141188025257,0.0616958732585485,0.230874581996361
"LP.01.58",0.16775985156279,0.0706578923470186,0.485835677267875,0.297518265948935,0.69179190150185,0.113709461915655,0.0591666249836682,0.00886621827773953,0.105037594947705,0.282444813139079,0.107319542568243,0.663289918251796,0.0280737972952263,0.0637392370145291,0.0993979563349024,0.00689196631121895,0.0962791840000888,0.0877534775206115,0.0902074213383083
"LP.01.61",0.110164209217472,0.0562994366662953,0.383564020068184,0.698275738243457,0.670838025337665,0.0366353189902912,0.0098189653530243,0.0183987813306524,0.0477916153999872,0.146701777538468,0.100396422518991,0.343369790625933,0.0383272614378948,0.104739242219034,0.0782132548753444,0.00721636960578435,0.263622828922355,0.0997159212293583,0.219168336721108
"LP.01.64",0.0747460258840803,0.0452976445229364,0.371104537703603,0.556150619537029,0.726931261113929,0.144385482014685,0.0492614808498238,0.0154674058063631,0.104747109990395,0.264138663085388,0.103251930266328,0.42202165412201,0.0196010740074804,0.063998331346423,0.0743289663946149,0.0124109139525702,0.22594202024814,0.089818459277095,0.149790178808376
"LP.01.66",0.145945055163072,0.0940070127236031,0.365315665142489,0.22085679363751,0.664124774610895,0.141463937255248,0.0850172461258724,0.0315548120001524,0.0706034269350482,0.314749688874983,0.0837351784232408,0.561649440836251,0.0630947510954538,0.103996431344839,0.0710204410460592,0.0324221007416748,0.0632898868846023,0.0662953402000606,0.263673072913248
"LP.01.67",0.196413803179682,0.0538401030016841,0.422461353021761,0.0190901330077365,0.672498111495316,0.241893498000353,0.0767283454331036,0.0129241082453463,0.059110937125063,0.264344597345596,0.093954156278781,0.611043002401874,0.0461756112870177,0.0967926449320092,0.168416058993203,0.0224125530461793,0.11575581974847,0.138289751034691,0.182120345466491
"LP.01.68",0.135224060239179,0.0694208689481829,0.263146532836826,0.0277512069313982,0.630179454777298,0.161961947530939,0.0715264835332343,0.0156590265177032,0.0285592390860431,0.158591203440349,0.0984110075476687,0.480213725096076,0.13553649550969,0.132073969837793,0.179849812239651,0.0265728361991399,0.003607091545586,0.172973585437946,0.399085916955996
"Test.FFPE.01",0.1862616792267,0.0462823338434758,0.486254361244089,0.538746571560907,0.721808222291199,0.0714999640325674,0.0652533665146713,0.0312806309554424,0.146110880621029,0.238308102314564,0.0943951174096779,0.376745149463206,0.0417240671468753,0.0694780791016911,0.108921654760442,0.0120307529335482,0.100253211506863,0.119883752637759,0.106531179097779
"Test.FFPE.02",0.24507314705432,0.0756628840785477,0.471243329354805,0.390831462947169,0.709675990101075,0.179606513261983,0.0929044729657482,0.0414383401660192,0.0594630675783989,0.270865746083957,0.0789903989379648,0.423980347719413,0.0325070089181687,0.114615580585611,0.0644057914730963,0.0176533392714819,0.0107751322890809,0.0555463613356774,0.174180682186127
"Test.FFPE.03",0.151767400022971,0.0619344070735629,0.32118926184678,0.0345206658573787,0.638543569736274,0.241637954755669,0.10548411709315,0.0383380649387991,0.0295931869414631,0.307754096773463,0.141176016583117,0.405389699697654,0.158317674635417,0.121711554148913,0.0647512817722723,0.0336395818989186,0.00597345951215025,0.0728789990271804,0.363468931955349
"Test.FFPE.04",0.24647890845492,0.0735713689654223,0.509236182728589,0.260337813500389,0.694298913007585,0.111989559873244,0.0806290217987042,0.0211087495140991,0.0719685661980108,0.217680564177366,0.0896840409191749,0.427743095306462,0.13921200759801,0.0603792520740798,0.108684183777807,0.00879921425596428,0.00572082095223745,0.140560025783049,0.0959078382532206
"Test.FFPE.05",0.239234698697334,0.0830728259253159,0.4363777819787,0.159680939947516,0.700352999747854,0.0582335210448442,0.0884140422046698,0.0587841707333782,0.0787103958408695,0.394611341903559,0.0937995737106733,0.682444213257471,0.00439755409547953,0.0726662452478712,0.0538286307457132,0.00621415294630668,0.0524935154806245,0.0374806174571954,0.157104891907848
"Test.FFPE.06",0.180364502735569,0.0481833760061602,0.589719389241116,0.553196087299995,0.757839185347867,0.111287084704407,0.0320184457077317,0.0254713925676954,0.102406981117512,0.190979320360003,0.0818678406374083,0.239436312083787,0.102522130645354,0.0818755123403067,0.100618541152019,0.00384541570944973,0.0466436347529929,0.0921262163847345,0.0912952971552078
"Test.FFPE.08",0.170824314579663,0.0683359397083323,0.598008589077704,0.477556799933963,0.721744961588408,0.189888288328872,0.00985666552420507,0.0192325523904425,0.0783817493326404,0.241183290166611,0.0930541507534043,0.390498467344091,0.0123686899840797,0.0899205498845757,0.0521357222769177,0.0057360500269308,0.0731637864921341,0.0558248659387006,0.144029823966604
"Test.FFPE.09",0.139165266915849,0.0425805337919424,0.559542020762674,0.391563483374226,0.716125308060121,0.148929852206316,0.043921662072869,0.0118721766206955,0.0640948672866766,0.305385497537018,0.113540361413148,0.553731339633396,0.0129311055998229,0.0888913131141357,0.10825642856369,0.004740442276898,0.0847130196468036,0.0571699096306722,0.117718549553446
"Test.FFPE.10",0.204860924753577,0.0525085116245341,0.387018111184492,0.371252553423039,0.725220112218681,0.135845130760557,0.0768476825332245,0.0131637969530471,0.0804779597350446,0.173053696897944,0.0976453972177176,0.319906663856031,0.109083156118319,0.0689931957426057,0.116180161699383,0.0100666877335464,0.0120230421921772,0.149897784338207,0.238517832295538
"R3388_YZ_1",0.320525613086559,0.0781546503357503,0.612172217945317,0.0173345616541656,0.651258797916699,0.383252155654308,0.0511766891499611,0.0322921051530497,0.0677479726658301,0.181975955968232,0.144242551434533,0.330704121688947,0.125736142826828,0.0922471074529972,0.156080699862241,0.0474658375419368,0.0189170389465873,0.159598642287493,0.0294240484772236
"R3388_YZ_2",0.261472007503426,0.0739315007518006,0.411535248402768,0.0178671621301217,0.638691084385782,0.279504156826241,0.0615602877457889,0.0383162524127094,0.02284213980502,0.196409697865,0.150008629529335,0.14541235202998,0.266249587280044,0.0894305968406323,0.199162540950857,0.10982832602237,0.0160453435863144,0.199965682524581,0.169706431105203
"R3388_YZ_3",0.311048029295698,0.0474991357471183,0.555350153021337,0.0166382207571951,0.668847173025996,0.156407891497798,0.0317874102624237,0.0259375190857045,0.0545788882493496,0.233066045067934,0.159674394356993,0.576910524888351,0.105591662242488,0.0948440165143879,0.182362401413893,0.020502664410897,0.019793349921728,0.208105071029651,0.0806686756579199
"R3388_YZ_4",0.476683424011057,0.0946322946399081,0.234100832454203,0.104332291440757,0.692518583969724,0.393073609818438,0.0267931449876881,0.0262727585207434,0.0677811065440803,0.0884073300058634,0.107065211872428,0.117913957899304,0.224270957529901,0.0465067660597301,0.121488164249593,0.127866474246697,0.0720988428797855,0.359261480259525,0.18982887765641
"R3388_YZ_5",0.334842948559486,0.130008465410481,0.463883000250545,0.113892996825346,0.675727940393097,0.487081692232608,0.13662883804286,0.0452936887608851,0.107501525799654,0.146283546229951,0.13845912171436,0.231289761426771,0.0412370331075904,0.0780809228878707,0.0702764766036204,0.0695755821493611,0.0208529425134923,0.115424775063964,0.0487950824280685
"R3388_YZ_6",0.43915102783012,0.0794602738724517,0.330385448659883,0.243242544123899,0.639111806965706,0.475304010719196,0.0126588641469959,0.0208429843059985,0.0863439333079378,0.157059217820106,0.163195881359829,0.217134241515688,0.0121308623235139,0.0556676287566047,0.201108740422457,0.0452104967048424,0.0878743245657534,0.375415216999046,0.0684474956360274
"R3388_YZ_7",0.298804458652257,0.0569334661550686,0.479714063356885,0.00943708121872903,0.655207800854553,0.158186754451475,0.0450162661418438,0.035524949664543,0.045800651886425,0.27415886105183,0.148286899250594,0.372686415588826,0.139114281607373,0.0956375857495997,0.190769871620145,0.0574154471051715,0.0185347986643771,0.245767119581969,0.115828649380575
"R3388_YZ_9",0.354471053700124,0.0893834119470415,0.455745617968236,0.420603552296372,0.700315727385962,0.135370012108856,0.0817932965305555,0.01859785182891,0.0819647052537267,0.345298386694929,0.113772802545857,0.496981253829904,0.0285709911820349,0.0899598268748485,0.0636828294155295,0.0127063788639579,0.128856440596647,0.0416788202396371,0.0917728831851143
"R3388_YZ_10",0.392010088838331,0.0944338191522232,0.562182264461384,0.00169557737574892,0.637948719507819,0.524537821405022,0.058332302207978,0.0340191940504636,0.0577235923290272,0.184565911920827,0.157379799803754,0.127431315106111,0.126430568887109,0.0922057857219484,0.13578902308596,0.0676042537570172,0.0133165524577097,0.156348808733004,0.0633545068555942
"R3388_YZ_11",0.401767150660275,0.0683283782107814,0.479971070250841,0.19693956642421,0.702570243048594,0.268702809102863,0.030026516340298,0.0154271821330831,0.109954150722017,0.0697390374449162,0.138159538647193,0.190541288183025,0.181131994212389,0.0419286001067423,0.108049074858274,0.106459238153507,0.0626750764938367,0.227922500477014,0.0526021234344276
"R3388_YZ_12",0.333539375024538,0.035638287283228,0.625906540329696,0.0138388781610455,0.755185118879454,0.109477092755339,0.0289433325168881,0.0224784363012482,0.0458454147645102,0.440263562823273,0.144002743970834,0.664036412549433,0.0709380129999189,0.0549075682590782,0.119758299215625,0.0378702769306495,0.0172467758574498,0.0615192402299476,0.0847502221054268
"R3388_YZ_13",0.349220966144814,0.0680267776126364,0.364197376539283,0.216452317666434,0.689725786429907,0.206380601716362,0.0466231088386218,0.0159339451944482,0.0621958487344634,0.130190060722976,0.117157778146457,0.434781280439871,0.0969552220292225,0.0799387567635871,0.188595810405287,0.0225838444760222,0.138506781615313,0.245013042952357,0.118945361434654
"R3388_YZ_14",0.39047553466761,0.0903922568951822,0.139505933725666,0.146925649861606,0.636346706202887,0.241577043400863,0.138002024110019,0.0380811854122598,0.0438605749627931,0.301208444349172,0.139874340570618,0.305095588665711,0.0781043233442765,0.0870061452207164,0.121064061467405,0.0846321887113687,0.145360154629488,0.201629136187649,0.215610691530675
"R3388_YZ_15",0.392001973239389,0.0540052901488694,0.485553010284845,0.0317616076684399,0.736167566651132,0.420125214346274,0.0178936083015532,0.0201806960774089,0.0537382102086872,0.197343227761408,0.124470292178544,0.417355585800438,0.0763904860105869,0.0851182629556221,0.0924141070965023,0.0471816396108666,0.0184175813418022,0.365751436661655,0.0212609403987977
"R3388_YZ_16",0.348565670633466,0.149677116852443,0.336905434888312,0.00698534724518307,0.601401899355464,0.448517419526248,0.120796862678868,0.0278681078977037,0.038406038744521,0.148110431402188,0.147408615514092,0.299203587224379,0.0772223495030738,0.070633275103557,0.144720356937546,0.0410733903996481,0.0789432626213808,0.207173895819488,0.0876040815373621
"R3388_YZ_17",0.354048974800156,0.10994119225525,0.456254517253623,0.0164123407798669,0.657799046287542,0.575454396085109,0.141974554745664,0.0228322077459174,0.0609820299337245,0.225842130190727,0.149334783803699,0.278250821829185,0.0264662701187037,0.094719469499873,0.0934520636689936,0.0123387921417011,0.114471243294301,0.0259398261248594,0.035686337977974
"R3388_YZ_19",0.43238652096523,0.0903270911764985,0.462535525739487,0.244652305308066,0.735483862774483,0.151688541635272,0.0903768158469291,0.0296874418334217,0.116259793737863,0.208755746422955,0.101542327720237,0.510543352160395,0.0232327948938039,0.0533111103590244,0.115361111223771,0.0305822184265709,0.00118848077902889,0.0832424982742377,0.11858253028708
"R3388_YZ_20",0.322239295651664,0.0334030537487378,0.564942203382049,0.50030586872314,0.753408588815991,0.0914623684152836,0.000360024529084061,0.0178996792701215,0.102022389092743,0.267781881435971,0.135735565855507,0.461398484015716,0.0571600132890672,0.0659899412450186,0.0567417082256813,0.0077218984492784,0.0271208412408576,0.127326578777205,0.123144407692348
"R3388_YZ_21",0.424036424888119,0.147887116499053,0.448081996076893,0.0109266571302922,0.64501811068485,0.39782816980071,0.081948087593239,0.0241615063322288,0.0302460942624497,0.167930098076489,0.121746946504541,0.252312405387383,0.085744489941964,0.0792189158368205,0.137170665274688,0.101677890540959,0.0440942466391464,0.213961302504322,0.0618035238904031
"R3388_YZ_23",0.434748324538659,0.0507343876957705,0.448139683377214,0.01665292850736,0.684011324907805,0.179055023615485,0.0270136312721461,0.011661417828044,0.104927701066694,0.316835807327214,0.132902447139552,0.656265551206005,0.121142907003435,0.0688982420764114,0.134229144611017,0.0327153796501493,0.010483351246095,0.204197763262611,0.201104740839102
"R3388_YZ_24",0.378810035186506,0.0923737346858708,0.475671474891391,0.0245939104712536,0.70391959217331,0.314503143301022,0.0537963640078796,0.0230511723467009,0.047159590619102,0.168270303359723,0.129602473198427,0.354559055664109,0.171540517503229,0.0803157058484258,0.153335632190779,0.0218685393100618,0.0599254238219119,0.163248158103425,0.0751002584489002
"R3388_YZ_25",0.210066558784497,0.0936502855891312,0.453751943665788,0.01235067354421,0.629960382014724,0.166154304921054,0.0828759147833419,0.0275635071611954,0.0329130877581812,0.318085601994685,0.147190410656887,0.58500372955021,0.0148396878048182,0.126689648024557,0.205224767867103,0.0394118499737887,0.0655852842861079,0.177213712136259,0.0745478044798641
"R3388_YZ_26",0.203576943486084,0.0664236850082072,0.397143317083,0,0.60430992643275,0.071113034662315,0.0542304394836887,0.0119529667578006,0.0224523373309914,0.388328397582052,0.178855469258979,0.514653805405143,0.215156048174999,0.140383957747616,0.125937254175216,0.0373041100338398,0.097214539019839,0.0224672931897612,0.27165901516289
"R3388_YZ_27",0.369407200293203,0.114525748879486,0.212031616150672,0.0236803671971446,0.616200183051015,0.231206568145711,0.140520720050081,0.020443878534082,0.0821963057579124,0.140788615571996,0.12514574477822,0.189455329062916,0.21334384399906,0.108300436492647,0.200219269020152,0.0521871077651939,0.0676686482353097,0.325915137690923,0.10354911691298
"R3388_YZ_28",0.356353527536472,0.053884700884618,0.408729377667196,0.248384530223315,0.696697935613464,0.150580833143052,0.0878327428572776,0.0293079888613259,0.0393071133460475,0.427995472605641,0.142985421166069,0.428894290859289,0.078896197581452,0.0792964733703883,0.0585067311392295,0.0762568022708048,0.0560271519130721,0.029571166471359,0.213188175114058
"R3388_YZ_29",0.432516924098769,0.0702106226884575,0.426115792771195,0.0757383212668426,0.671643320169411,0.505963836752978,0.113784473668069,0.0235849460413823,0.128269830215221,0.199187656874504,0.133239830238419,0.420919669387899,0.0289958126320451,0.0898598479228946,0.0809464547282675,0.0115973935148934,0.0735501675117061,0.153891418184375,0.098070419923527
"R3388_YZ_30",0.276743707957232,0.0438334545445889,0.428438262360009,0.290369931695752,0.713552770015831,0.106806264024862,0.046442324303389,0.0132467364329788,0.0510735146055725,0.315720685970486,0.143553477729643,0.506249326407944,0.133273888723638,0.104431372589205,0.106063593117156,0.00497568502041713,0.0679885731390342,0.0248237279354037,0.172055006479712
"R3388_YZ_31",0.255812048244912,0.0405143156987897,0.631903638311971,0.0637884449304787,0.718402051497198,0.570861811805451,0.0752156388701812,0.0417819140396433,0.0777649643545182,0.174578250766968,0.156371717547618,0.25777753415201,0.0433528905980137,0.0941468073638286,0.106134502146984,0.0391905063938832,0.0105402632620714,0.0936152612749099,0.0241663731991762
"R3388_YZ_32",0.241863029242912,0.0516594869729689,0.563779843783613,0.0469999684398826,0.704692168566709,0.161990353735393,0.0168298221143004,0.0149998311553454,0.071903846916419,0.252216872506726,0.121467889975051,0.595440911634362,0.0221967487621749,0.122887560396407,0.141904887063555,0.0300006349202437,0.025337559741806,0.163040169677451,0.0914747337341693
"R3388_YZ_33",0.38997124227097,0.0594159719144635,0.505858221439518,0.0315568046586557,0.70947315805774,0.294660978815317,0.0282031264939267,0.0290167073044382,0.0792303687553675,0.148938047946887,0.14895675738993,0.390260954441076,0.0263417985312519,0.0604451442311325,0.111570861624789,0.0457423186880483,0.00426847121748349,0.310272595613733,0.0207536938596164
"R3388_YZ_34",0.400163905981036,0.0724583627576277,0.391064714739671,0.0154931318927084,0.689842598935172,0.373031767575472,0.0800037710533282,0.0188592340196309,0.039157501473364,0.215093773419589,0.122216345176094,0.31426270416206,0.0937746508073303,0.105335641658725,0.182708712728649,0.109770272150149,0.0373385144782089,0.274451878903902,0.0999300603911487
"R3388_YZ_35",0.311690240217029,0.123761424073575,0.354909051099045,0.004224101123038,0.604455069497116,0.450635812783474,0.125499762429332,0.0436194161599852,0.0405164551047797,0.309562624086923,0.157040464683764,0.278763425257327,0.0203781647170742,0.0995065090523776,0.0940293760095672,0.121249095665832,0.0770002597045565,0.263345270678006,0.0240309371487964
"R3388_YZ_36",0.341954766148417,0.0431293915914518,0.493538286206045,0.0222595447332061,0.769676820963169,0.464116912553527,0.0361860004084779,0.0197208437803379,0.100437016458932,0.218028736767591,0.126035465924884,0.445791115852847,0.017075089626298,0.0683165525157277,0.123737688221816,0.0153326722676016,0.0196131657184297,0.273379862942,0.0305613606950455
"R3388_YZ_37",0.222221716047163,0.0339160866680263,0.489383881831859,0.0231777717088051,0.700264788223292,0.116722925433807,0.0543109748311652,0.0200503167230113,0.0237131199805374,0.289764303788004,0.178374028166765,0.646711927544649,0.0998017017937967,0.0732343515262728,0.148179904540672,0.0448949312164981,0.0766403697387442,0.0966031109591633,0.155640483462034
"R3388_YZ_38",0.356105372002664,0.122156671768309,0.389845721717117,0.0212276340845072,0.628230651826661,0.43371103224924,0.104793614904071,0.0309332707949425,0.0551806635417789,0.239930702320455,0.148403577285886,0.33118107867951,0.0479065452645316,0.0923954908220386,0.10773819835939,0.03428972260014,0.124478368009761,0.136436194756929,0.0790463806853236
"R3388_YZ_39",0.284689676398294,0.0941206819608355,0.407928276255939,0.0637812734361798,0.647913702636196,0.394466709555697,0.0897346480027511,0.019131390784881,0.0738807230654211,0.231658561650106,0.141372101513211,0.315533796927884,0.11064566331129,0.107989321720386,0.151819216845485,0.0714858306010434,0.0789712362504036,0.216320090942063,0.0564455311051809
"R3388_YZ_40",0.423683412979836,0.145630252918289,0.282638439188226,0.586988992559058,0.664382677958928,0.0586259298326022,0.117191680161701,0.0308095872422456,0.0988056401066716,0.197511514729007,0.117554586778915,0.337014594523304,0.0236387147707759,0.0629934488463282,0.0714063935034371,0.0420710483209621,0.081569493534296,0.0742844423463371,0.164685133325304
"R3388_YZ_41",0.438029944478047,0.188447153747144,0.420639871124742,0.0186805429215842,0.573329431690716,0.483739005824314,0.103787150209381,0.0324407456092585,0.0461450010592255,0.160682606964721,0.151429051544404,0.211763400198602,0.0376489728545484,0.0875296504910425,0.163986666455681,0.044200135880743,0.0701786570735605,0.164130023591152,0.0497064118033532
"R3388_YZ_42",0.315145965725856,0.0709252989765121,0.464472587361292,0.229477360988349,0.710767245837633,0.272361388846099,0.0548713823388866,0.0120317532933516,0.10581213344726,0.10379878647569,0.126668004878972,0.322005304808752,0.110086121695828,0.0658133164247336,0.106973686043427,0.0627574115245127,0.0791113350664573,0.232905808355658,0.0405565980897867
"R3388_YZ_43",0.22787172944813,0.0821940531605136,0.480074374678508,0.0486324516876358,0.682542719489081,0.205362638696263,0.0539768569999363,0.018334057009632,0.0711217215402465,0.263808546786693,0.12637807678377,0.649076560968451,0.0499276629915387,0.114242593501336,0.140947658874844,0.0200144525990749,0.0496332639782443,0.177481455450588,0.0893613271739927
"R3388_YZ_44",0.276747782045822,0.0518451139165431,0.353023719868521,0.343091102458773,0.693909558383564,0.0855751419748961,0.0650081574266522,0.0101280913845318,0.0893291688417962,0.332323731844291,0.156551875489082,0.439452558537097,0.0391047639727192,0.0838219559259961,0.0586620227578912,0.0359955624089048,0.119550926961901,0.0321176575482434,0.256777703447596
"R3388_YZ_47",0.328181058773424,0.0591581539325246,0.535075641586392,0.139271147534614,0.696903517953827,0.228293484000106,0.0620720864760399,0.016448284640898,0.0911079415878988,0.178187715325049,0.135730613586056,0.418466242958711,0.070529412097381,0.0644593765186525,0.0672439364486243,0.108188716831688,0.0296258404358207,0.172170409473902,0.0446057728567705
"R3388_YZ_48",0.264723486754832,0.0343088343772428,0.616022533848656,0.227657231279629,0.749981373458348,0.239695702002059,0.0393267327886136,0.0261684558478364,0.119722403418223,0.35780409767752,0.131772304095659,0.556951802140139,0.0204262563853623,0.115591867744036,0.101465789211942,0.0117805343764985,0.0347898489699872,0.113669019723315,0.0405598055109061
"R3388_YZ_49",0.381716858383759,0.091259773658397,0.277907810637052,0.0875918131697063,0.670894607853247,0.27340285733938,0.0863234118201975,0.0448988809510599,0.067053823510192,0.194332726194826,0.145957344777514,0.252318628295272,0.104196067194718,0.0723888862195862,0.153051987462486,0.16552904113551,0.116087429248095,0.346714778825636,0.0836572328472339
"R3388_YZ_50",0.348443439282713,0.117039600809753,0.287605040639711,0.0179722021631168,0.615362621071167,0.492516830748865,0.158824704788183,0.0231349867186562,0.0341140437493254,0.161116372429027,0.137247458800674,0.184179865955302,0.108966722617029,0.114989846038696,0.123759705946843,0.0670634342017744,0.0812768202482386,0.203576442330668,0.109602072958122
"R3388_YZ_51",0.383688016902122,0.0581720951411016,0.267408727614953,0.486611035948019,0.67451977073456,0.0723503319205347,0.0749239947630225,0.0241775027527038,0.0971223065073729,0.223088034030724,0.141797115959039,0.300600968694411,0.107001927498118,0.097056912972069,0.137066519865109,0.0210100269290086,0.115409773780475,0.255666771726795,0.192854311429967
"R3388_YZ_52",0.267682335284533,0.0562809702345235,0.442968032004186,0.00674825648776957,0.686737643335376,0.100534057668752,0.0483272373122427,0.0158914005927373,0.0273906646492182,0.351385161597915,0.147578558788715,0.641102191040084,0.115304802958755,0.107057916817902,0.148602059297143,0.0561156669789228,0.023024123448197,0.12348331351323,0.216637362838748
"R3388_YZ_54",0.345563707285504,0.123580043118392,0.528642740130582,0.00816576396908607,0.678404397768738,0.302847645192652,0.0931366937238668,0.0395042217213827,0.061550039846865,0.366858862362756,0.165640396539485,0.417273165961552,0.0821357566251622,0.0849400472284014,0.0683410438900981,0.0708820618190917,0.0695158810586546,0.0865463978241472,0.0260197327398703
"R3388_YZ_55",0.349475160293696,0.066219640862226,0.445717487053698,0.318257461063917,0.709749646921158,0.164134121150963,0.114939715109307,0.0164648043439835,0.115504013819157,0.387272108572647,0.161723849196088,0.435011801700578,0.0125750929907088,0.058152905316993,0.0662720437737112,0.0188375006325391,0.0393418520651679,0.013743057052082,0.154014401964488
"R3388_YZ_57",0.352082268674677,0.0426765623981228,0.428724141832993,0.025366391960934,0.704557006946372,0.129774192317176,0.0234141322797853,0.0094556868235526,0.0789992487738796,0.302495746480846,0.164598254965329,0.633582672446655,0.0965078846787221,0.0936624349210133,0.165937377750845,0.0107178731482898,0.0238338092610172,0.306310519067311,0.130775001678479
"R3388_YZ_58",0.466933979528468,0.0770596258542602,0.493676126840924,0.174674891270524,0.699284060022068,0.105622221687634,0.0410011884619299,0.0308643777533409,0.150087354253549,0.203376088817418,0.120809676116509,0.381904405942996,0.0891193395021165,0.0666286931666979,0.119425458239269,0.0749508185896726,0.0412298075182582,0.112608849005645,0.132606945539454
"R3388_YZ_60",0.351308183279616,0.126281064508871,0.381253984210224,0.0144448473690369,0.609598552187064,0.220864535500032,0.0939693454033336,0.0157346769886359,0.0433529052484496,0.157398355626594,0.156536842610463,0.261865942435906,0.0306238415799346,0.0953960025125059,0.210622171808876,0.188239473660066,0.0783283236179654,0.204591389689895,0.044062841810017
"R3388_YZ_61",0.222182402525082,0.0351007566141973,0.681109875191213,0.0230755757633026,0.71197695525758,0.137454338656214,0.0290800488792075,0.0227498257816056,0.0445257118761492,0.317765079609513,0.161761052614451,0.568187509809014,0.114203326495956,0.0923428409756374,0.0794121049293815,0.0862124403834651,0.0222342321097428,0.0299742550719544,0.0785804810623206
"R3388_YZ_62",0.312165817391896,0.0708472885162408,0.419550047351118,0.012475357903282,0.607609881142378,0.0912102613224595,0.0464179510147792,0.0300148315925366,0.0451823013998168,0.141913971909618,0.157590665146308,0.468462904447886,0.0867949776523204,0.106490707991617,0.173772045344173,0.134105299970128,0.00610482469202965,0.361597295583499,0.0686582913020002
"R4163_YZ_1",0.283674337448288,0.0864841523497898,0.0517552352891241,0.0177152054753978,0.580536284453812,0.479771123093722,0.296057993815756,0.0334157394228543,0.00319177390089565,0.426625157715861,0.158660033963155,0.213465193860748,0.0241128753885879,0.139837377568216,0.0651283923206133,0.0985005396912997,0.0650025063035354,0.117642137449036,0.224730051233815
"R4163_YZ_2",0.20141461798791,0.158242149739677,0.106312373412636,0,0.480654663262997,0.321523896298854,0.389314323832889,0.0997414067526085,0,0.396860788504786,0.140216753922508,0.239795883991915,0.00592808447028564,0.155209366923748,0,0.0497370229910904,0.0648549617595275,0.0130079479562013,0.145149224933552
"R4163_YZ_3",0.332674221184588,0.284980442103149,0.0464482370329889,0.0202351745831657,0.406539321692091,0.320490357780416,0.317441461919895,0.0676258995688059,0.0258575980991523,0.335338792054418,0.112534990251455,0.230209199841842,0.0113576845673297,0.19717602495783,0.0111629228422953,0.0378191586923682,0.130391744761384,0.0163744528512773,0.17798537062096
"R4163_YZ_5",0.156563271744473,0.122750114441206,0.0323828962146304,0,0.515176233745146,0.283512372508494,0.252226053716451,0.0160679929858918,0.0086571354998986,0.503725035296173,0.128769241705878,0.502459177908086,0.0343768385325822,0.216281765920331,0.0704118396262897,0.0215794582117766,0.108605745318871,0.0165238409670444,0.33958733667848
"R4163_YZ_7",0.298163776272284,0.0817378294723847,0.148479261627241,0.00980192554131147,0.595103972566739,0.375128268390417,0.19687387691937,0.0239347112297692,0.0281921959116809,0.400656767496631,0.137304848755045,0.379806885510116,0.116096102014402,0.156223578590539,0.120567732837564,0.0291309890775042,0.0924743521749438,0.0501828115969967,0.33207604574961
"R4163_YZ_8",0.129912353938521,0.116801163561937,0.027612218247586,0,0.350627136361718,0.415628944543553,0.563922443333655,0.120896181904935,0,0.240186890506213,0.170596594874058,0.148248981794966,0,0.11626212442711,0,0.0724043306298631,0.0422131779088529,0.0134221099100249,0.0729703871466464
"R4163_YZ_9",0.196023866823243,0.0679286515900549,0.0636611685436493,0.0224805909285354,0.674632587349596,0.175352068178307,0.126704038266596,0.0196447842100341,0.00683668127322448,0.432551993949447,0.121902215347031,0.567815030070884,0.10216030000137,0.148056902806411,0.108244585964389,0.05921679895469,0.0942155329242473,0.073463586930539,0.469439865392636
"R4163_YZ_16",0.158761869811129,0.0541638899102156,0.121104383596521,0.0288684856594642,0.645255642590101,0.138279663045317,0.0529171083876657,0.00919981150648998,0.0068697365887442,0.440031186764584,0.143203349322027,0.616885778583509,0.0461621358935269,0.191357462656935,0.0465214516141801,0.015721558378583,0.134614362014286,0.141387778452787,0.467220387610085
"R4163_YZ_17",0.102385219159404,0.105358302648728,0.0448274463412795,0,0.382578868068147,0.22247342157356,0.365339462060944,0.144117947654796,0,0.45665901932463,0.15499460304899,0.371008713233618,0,0.226749725303745,0.0359652811902179,0.156207746539027,0.0403127092403181,0.0279348029384634,0.190995451639762
"R4163_YZ_18",0.154448740787476,0.109605425061099,0.145234678239683,0,0.528428478578044,0.213954896786552,0.242764955988745,0.108154735948937,0.0061901967336682,0.45318645094369,0.144338674095745,0.351605602350731,0.0016697981311358,0.173886385037047,0.0417126207243516,0.195698843413245,0.0815093330375981,0.0309282243205335,0.216013442567755
"R4163_YZ_19",0.286447268277158,0.129960664471831,0.298751704493645,0,0.588181606732849,0.285011197215719,0.204194231706847,0.0628605399218096,0.00455682878487279,0.50021810864975,0.145301591991311,0.502920907196051,0,0.149401526260531,0.037350005957803,0.0627603720624174,0.0912913390958316,0.0486682237680541,0.11999935448005
"R4163_YZ_20",0.211117935083388,0.0534345569096948,0.379315779517688,0.0286051706112832,0.68857738073322,0.1522696762025,0.057529854024303,0.0227334615218655,0.0150820112607648,0.412819363474427,0.127254645773029,0.725315976017354,0.0545855755244122,0.151476847686273,0.0711665769120677,0.0349802574069356,0.0851503201921229,0.139871796531624,0.256199353307766
"R4163_YZ_21",0.124559589878526,0.0666819677249103,0.398542290686839,0.0115171965596364,0.628921561224579,0.409303635545328,0.150340406347366,0.0966432460884457,0.00296710197368139,0.43229812049299,0.151736099597179,0.371669976673327,0.0152723729132348,0.216163185316701,0.0559788484263377,0.0327998496538805,0.0851931121631145,0.217043915400424,0.0843763416683576
"R4163_YZ_22",0.301070487684937,0.10566766359732,0.469484211272211,0,0.590462453658853,0.264923764659965,0.131353484111263,0.0684830121424051,0.0134073122761988,0.503044455473888,0.148603351786468,0.600985078498174,0.0277733151387801,0.129506504887844,0.0283581198869446,0.0616250898075165,0.0697095347072798,0.0713117059507958,0.108481376298126
"R4163_YZ_23",0.292708771915561,0.134471945344745,0.189989771705204,0.0179590235563168,0.58078882944885,0.191882902270072,0.178837987174803,0.0521932733044847,0.0079097692149782,0.390241299567319,0.1490847011428,0.405097119201714,0.0419519686471211,0.116297304666074,0.100113287158226,0.0745701208430605,0.139578839848183,0.103322175446355,0.202045117333652
"R4163_YZ_25",0.119194464990465,0.0745090619860636,0.244264757817456,0.0013185493935746,0.607573432160699,0.207029744780542,0.157776899306155,0.0357796831582327,0.00772705801956555,0.500052593448645,0.160277247833664,0.54268757996783,0.103696981332756,0.197139026003099,0.0366439165175331,0.0593361245505987,0.110701090303832,0.0804294485561866,0.285559218821099
"R4163_YZ_26",0.421798207161306,0.064370200654116,0.425869658571853,0.029668763100849,0.687998403016906,0.448630426001789,0.0916923548740887,0.0604645673740531,0.0329290829046831,0.137025345482058,0.119539818406921,0.255671369070357,0.0956085474430845,0.0993636222900413,0.0951182082075581,0.10822476252305,0.0413419744148384,0.337657373979553,0.0132194695886385
"R4163_YZ_28",0.135133770434256,0.0703548333331234,0.0307114856809794,0.00831306774555901,0.502820382900072,0.159037959796656,0.388196264021491,0.120325131410044,0.0247215466684841,0.35878914892876,0.155310189089678,0.201404315067143,0,0.142465269836793,0.00353893527915073,0.149626086001638,0.102280652110351,0.0464831478414626,0.140746205522162
