"","B_VanIP_Subgroup_4_9","B_VanIP_Subgroup_1_7_2_3_6_2_7_5_6_8_2_7","CAF_VanIP_Subgroup_1_3_2","Cancer_VanIP_Subgroup_1_4","CD4_VanIP_Subgroup_3","CD4_VanIP_Subgroup_1_5","CD4_VanIP_Subgroup_2_8","CD4_VanIP_Subgroup_6_7","CD8_VanIP_Subgroup_1_2_5_3","CD8_VanIP_Subgroup_4_6","M0_VanIP_Subgroup_1_2","M1_VanIP_Subgroup_3","M1_VanIP_Subgroup_1_4_5","M2_VanIP_Subgroup_1_3","Mono_VanIP_Subgroup_3","Mono_VanIP_Subgroup_5","Mono_VanIP_Subgroup_1_2_7","NK_VanIP_Subgroup_1_8","NK_VanIP_Subgroup_5_9","Dendritic_VanIP_Subgroup_1","Dendritic_VanIP_Subgroup_4_6_5_6","Endothelial_VanIP_Subgroup_1_4_3","Macrophages_VanIP_Subgroup_1_3_2"
"R3388_YZ_1",0.813949344194888,0.119832498994561,0.526460585906678,0.448167280651225,0.475419997328371,0.0401164382004329,0.0072174212624495,0.33399148144874,0.0174587599384884,0.0677479726658301,0.126141592014068,0.0126349355985392,0.275223646983728,0.144050296528295,0.0394993291287,0.0713839931789223,0.104485458219395,0.0441105063528708,0.0435872111529144,0.0386467156343764,0.0123461686662,0.131516881987301,0.0749484576255998
"R3388_YZ_2",0.835876298172123,0.121105475268145,0.456805634634276,0.422500524280242,0.344924832396876,0.0586751124557114,0,0.254755378104508,0.035964913759882,0.02284213980502,0.0752674392870062,0.121756627019424,0.156941675019492,0.262115900197654,0.0110312842008717,0.047401378883606,0.0992815505203555,0.104633368533398,0.0840664921505434,0.00114833453590432,0.0136000523098583,0.147786271228556,0.244715051075899
"R3388_YZ_3",0.787462412878618,0.0818258222693737,0.513437879405584,0.456969433131477,0.323907711188894,0.0224749515500784,0,0.128266133084862,0.0128883204290369,0.0545788882493496,0.164965919562818,0.0171517629152795,0.45681690839395,0.12124135986707,0.0698990908745671,0.0457975926069112,0.108057140287602,0.0214567147197479,0.0297400455323919,0.00818120360780121,0.00843992843862223,0.170137056834211,0.114281852421325
"R3388_YZ_4",0.822861704559066,0.16608572401591,0.255824515523698,0.500949718915372,0.400984777934036,0.0195795727008185,0.0106675897477254,0.35458623614981,0.0225320367555321,0.0677811065440803,0.0115203151682148,0.0419148423030562,0.106805380349357,0.262348887993847,0.0216763982221597,0.0499636427243703,0.0464885169230571,0.137279128732674,0.112971042882293,0.03063624119142,0.0386218726477519,0.242941661605488,0.282474562337931
"R3388_YZ_5",0.841691770623108,0.185668584203374,0.468570930771317,0.475770960439393,0.484091481461843,0.112179484643039,0.0116080083479491,0.484822526835969,0.0359187495067931,0.107501525799654,0.0765767897428735,0.0447380779602198,0.199877084396817,0.0388848176439533,0,0.0328361563385828,0.0869222701679589,0.0685570838776085,0.123753392907373,0.00105168675508044,0.0162996354257756,0.0813502111545015,0.107776309267934
"R3388_YZ_6",0.692593135060621,0.151343834091473,0.360843199014776,0.571965728430836,0.348127586020882,0.0101026087855087,0,0.455054059207036,0.015147251593277,0.0863439333079378,0.0672189753271671,0.0338616125900132,0.195485985731088,0.0133815589983172,0.0285621536409337,0.0635035707154971,0.0632104661820745,0.0552566531395076,0.0705142709373944,0.0360343342604183,0.0623328503466637,0.249675544016207,0.131119543840184
"R3388_YZ_7",0.835785792580135,0.0964538812810338,0.461693529849961,0.433556672909699,0.410568797727039,0.0455048473910041,0,0.112114063442206,0.0199917949383957,0.045800651886425,0.109328986480399,0.0251653895339383,0.335209332861225,0.160139802004872,0.0603133785383214,0.0468584881900039,0.104038540712616,0.0521605605476547,0.0971480049698289,0.0166705707635323,0.00853877919279702,0.205935379394885,0.156464803418013
"R3388_YZ_9",0.870289379745738,0.154469067780128,0.524481751054676,0.636529074447268,0.385882333296637,0.0643476049306596,0.00852444043587037,0.077238550607743,0.0224310642065186,0.0819647052537267,0.0633218205925708,0.122348983629521,0.442127978960159,0.0213928891635129,0.0219903878975371,0.0474232134665317,0.0987143358108126,0.0164477314435601,0.0781444248342705,0,0.0875843776935605,0.0223211837099532,0.118523213435639
"R3388_YZ_10",0.851688763608468,0.147086823438245,0.476301532863936,0.423452708187068,0.395778057905892,0.050654129889157,0,0.513966773887956,0.0176822714950795,0.0577235923290272,0.0398970520250384,0.028489332885285,0.139931256004435,0.144393176213385,0.0273385590758917,0.0809861424035398,0.107812719911373,0.0737244977454342,0.0791076937788385,0.0143211431820077,0.00888067391424462,0.11870141365579,0.108850336860826
"R3388_YZ_11",0.694163218099442,0.113735307347131,0.45089987651576,0.565015618152955,0.308010196943388,0.0248495690891868,0.00212462296879259,0.287425136997408,0.0112388169614365,0.109954150722017,0.0660393556175079,0.0313029533766404,0.148589313875041,0.194568664941036,0.0412505456601454,0.105719622854719,0.048724546573827,0.106086330458356,0.0815757863057596,0.0158392600546278,0.0423647728250709,0.173771439770722,0.114765141784475
"R3388_YZ_12",0.70220748718833,0.0812281074144559,0.627891537187759,0.488574981387914,0.211138382521726,0.0258889992141651,0.00678451259683091,0.136971652534057,0.0109522640047455,0.0458454147645102,0.211697241630169,0.0221058745836892,0.58205761771021,0.056913371301984,0.0605758541652572,0.0924828600093955,0.0580578604251869,0.0463258779332474,0.0541157360311082,0.0175256265181479,0.0179317166207481,0.0366989975013864,0.0912704430654691
"R3388_YZ_13",0.616527512434897,0.127814262209791,0.386328741982853,0.549664724846664,0.404711480286837,0.0370637065852991,0.0116153353438744,0.142539341336608,0.0137120542278858,0.0621958487344634,0.0507744514040675,0,0.330069862021332,0.112229030367358,0.167252079127361,0.0475211622617386,0.0889301645454844,0.0307431290822624,0.0814809904458461,0.113338821563623,0.0631018925212815,0.156553917980034,0.178349129320068
"R3388_YZ_14",0.835265795076638,0.161517145947959,0.256228857854411,0.487869632708635,0.450000140420737,0.124765136249446,0,0.206307034707043,0.0430973138386201,0.0438605749627931,0.0979938621024673,0.0653869067319026,0.29738363164687,0.0919865899604628,0.00623769029697177,0.0704251506729304,0.0919732158661566,0.0776897151829733,0.0960496292869898,0.0144513426563354,0.174174133612831,0.125936734565195,0.277881868116235
"R3388_YZ_15",0.67862529320177,0.112434004042282,0.510076861961327,0.496080749318189,0.348698113822443,0.0110620702999974,0.0121648104815864,0.452596839540367,0.0154868963437722,0.0537382102086872,0.0168620153726426,0.0329578634575571,0.339520106800059,0.0859664117941556,0.0715794889796824,0.0375185558349586,0.0925013429274846,0.0526122729137264,0.000280257396615748,0.0496114745076894,0.00558471364007903,0.261839459518669,0.0775697780341956
"R3388_YZ_16",0.931572088063022,0.187947023793229,0.350208570078918,0.390456426513951,0.53264409412095,0.125231526040272,0,0.413427400442164,0.0213997167272696,0.038406038744521,0.0933960919987555,0.0212162419013549,0.244481539949218,0.0884215253288165,0.00582290943460485,0.0343161104033503,0.0821950416020383,0.0500741033945988,0.0608408867774488,0.0133492245483334,0.0519911244880907,0.124127177825627,0.154931282121248
"R3388_YZ_17",0.855167156677331,0.155445438219447,0.537268165654839,0.412652668948267,0.403181360927977,0.127859775491823,0.0347058076221886,0.598876096966433,0.0166939595788916,0.0609820299337245,0.0591114257269587,0.0309709471909312,0.254039729040916,0.0266046541564707,0.0264039365149226,0.124042934884096,0.109364246546335,0.0177941958382952,0.0910648511726067,0.0455387182066561,0.0744888373546201,0.00912837267236973,0.0623782413584029
"R3388_YZ_19",0.874407547797329,0.18116746596824,0.505334487828995,0.573188857589028,0.342853769117074,0.0702082918910608,0.0152035314508447,0.164917817326826,0.0277012203830076,0.116259793737863,0.104037812676451,0.0618064383807903,0.40526282523306,0.0233170780097216,0.0288655309671964,0.0118804494370502,0.0591883281132181,0.0282528797869405,0.103769992052385,0.00158464103870518,0.012467197804186,0.0542896975795256,0.129095760239449
"R3388_YZ_20",0.699570162662521,0.081998010180995,0.625455842166018,0.73532417387222,0.289335027755977,0.00232277453254448,0.0149090330067353,0.0547028916888472,0.0113856241295293,0.102022389092743,0.0933308034787574,0.0631714600026204,0.393065220538798,0.0405428321445817,0.0778275028502227,0.0765757850701103,0.0725703284861935,0.0106476464368903,0.0832976618006575,0.0132873682326098,0.0233663720910692,0.076073360833742,0.106180919888589
"R3388_YZ_21",0.927735256378573,0.220404628643326,0.429067670704334,0.409489572480089,0.455971036619363,0.0641709102728202,0.0115080494872605,0.39741336799698,0.019251676455237,0.0302460942624497,0.0327396317278695,0.0589611293656274,0.218880277592433,0.0771198091584672,0.00592613742200711,0.0706996355641779,0.0849432934255272,0.104094441240539,0.0665081728834026,0.00558442172614032,0.023408169843433,0.12809162636887,0.151477349869186
"R3388_YZ_23",0.6976145971648,0.0985991990079705,0.42407938468283,0.470578937240704,0.39537501120768,0.0160324248198682,0.000407283602603403,0.14318490437568,0.00567709417899763,0.104927701066694,0.160975145175955,0.0198629788625544,0.539026997883379,0.100554139562467,0.0494560484678098,0.0477851612130851,0.0748147153142234,0.0356073434364535,0.0443503504657491,0.0322056437426359,0.00209527195952295,0.142116627244949,0.228919312363109
"R3388_YZ_24",0.836813973443741,0.157615276778178,0.491106957955198,0.457994257907785,0.37713986158915,0.0422327093472759,0,0.31307285951315,0.0187937136926601,0.047159590619102,0.102119514055932,0.0465289646514467,0.286393552947387,0.196150950951104,0.0428338189110385,0.0643986568458362,0.0918369089400625,0.0304399001322625,0.0801039215241446,0,0.0421507129776192,0.108195312859758,0.129226600714019
"R3388_YZ_25",0.813184891745998,0.134334665569458,0.478720751741336,0.407694677634034,0.443943183812386,0.0820231423123397,0.00544261897844718,0.148511907375946,0.0142047707280785,0.0329130877581812,0.098966683047914,0.0355704338712976,0.490953186694892,0.0148396878048182,0.0416585239129983,0.00753236105869874,0.139279734968354,0.0452236297557753,0.0828678472108045,0.0041997978201165,0.0370627358128194,0.124359303839869,0.092558389955453
"R3388_YZ_26",0.894623782746481,0.07996827985595,0.466920048275551,0.388809712070852,0.184242475751522,0.0760549728161422,0,0.0736646736935423,0.0107066188836618,0.0224523373309914,0.248403723774491,0.00906200535708337,0.464316424804821,0.210402608421911,0.0558663422695144,0.203958677201593,0.153752704161337,0.0337998879181981,0.0408184392002932,0.00611546848412189,0.119082389783724,0.00854331455401239,0.252594443236247
"R3388_YZ_27",0.902469621588702,0.19092990182792,0.270778320302408,0.403190866308443,0.399259440680743,0.118611698700957,0.0035405632271735,0.231830317493075,0.0164790372890021,0.0821963057579124,0.0177856542135834,0.0181872799038678,0.170275661287718,0.237086691854525,0.01789432959663,0.0833561510707253,0.122297662296023,0.0554302902436325,0.0806486992568037,0.0240259410314824,0.0437726125604502,0.218593857987448,0.175362269594613
"R3388_YZ_28",0.810207218565276,0.127029356625726,0.50000388142628,0.556740454664442,0.360941960154804,0.0697349642939491,0,0.100247318147014,0.0424970856858146,0.0393071133460475,0.168494915772737,0.0928055574450232,0.41936238300404,0.0752992806163869,0.05011904283451,0.0331161875853164,0.0890451899036005,0.0672282414962884,0.0941864327683309,0,0.0691750862371546,0.0122247823228214,0.208138377173729
"R3388_YZ_29",0.69394821664642,0.1191445087941,0.404790770169958,0.482130219072525,0.592498142338513,0.105830757530861,0.0087715710240019,0.514383420111371,0.0280154123636504,0.128269830215221,0.0514671411726558,0.062232289357321,0.34199602658919,0.017927703912309,0.0132239234570167,0.0835205644141764,0.105647946244803,0.0151698707067784,0.0947310830616224,0.0146016650139734,0.046817580222639,0.0948142695726414,0.156951230185983
"R3388_YZ_30",0.665804312008769,0.0915869618031341,0.526237949073354,0.611380379371986,0.332664338626602,0.0363481268156485,0.0124390477551136,0.0754175042913816,0.0137108777983295,0.0510735146055725,0.0262725732343142,0.0882464711591925,0.433322251442704,0.0800382040339306,0.218943473203149,0.0520245480252498,0.11269076327174,0.00744033926867589,0.0568985456149484,0.0288884505335229,0.0342681299539386,0.00982134733646108,0.1773389594191
"R3388_YZ_31",0.562943702216214,0.0699704003397895,0.655331149243321,0.487109423973429,0.468045621944584,0.0567793422635946,0.0368859311397189,0.587449028200582,0.0261209518911022,0.0777649643545182,0.178180832327556,0.0310977288383979,0.224657291406355,0.045080327399236,0.129798624732361,0.0502414160011101,0.10716819011896,0.0416603216989044,0.126276838995078,0.0205466900425507,0.0231651503856892,0.0565855308449523,0.0435916885644673
"R3388_YZ_32",0.760061515356407,0.0917621804746932,0.580576368691556,0.478645823297735,0.240924682739755,0.0143153157416521,0,0.217242345598685,0.0109226800002195,0.071903846916419,0.147528351875322,0.0195247649916985,0.473410001090406,0.0222868448411299,0.0851999426637984,0.196901693580442,0.137600941387104,0.0357275103978554,0.0592922730263636,0.073543223954227,0.0387472461058345,0.130655922971533,0.120758816593181
"R3388_YZ_33",0.72136231271641,0.102827564314162,0.55150940884452,0.478413969902083,0.417063004984827,0.0215084510214251,0.0204934933364302,0.32960804554342,0.0176111870088328,0.0792303687553675,0.105660401892392,0.0351819233691421,0.306350021528688,0.0226407882213659,0.0126518165385113,0.110955369964528,0.0686501713448963,0.0603489924209571,0.0909420226295878,0.0174210365499832,0.00675097752158802,0.201459278619133,0.0531953718024852
"R3388_YZ_34",0.743312062267919,0.14379596034997,0.421583471030143,0.440315590181722,0.461633770980414,0.057616314024736,0.000240331471013503,0.342956410585476,0.0158116669882832,0.039157501473364,0.0410619100419242,0.0384654070217283,0.274671896866269,0.108138124998568,0.0213241659609757,0.116269543153288,0.109695842462795,0.0989338745527671,0.060975062699371,0.0394706378848589,0.0319368480151943,0.175804207520577,0.181397504172387
"R3388_YZ_35",0.826804196786829,0.179206165407874,0.455309654330983,0.354818686985578,0.56911462348223,0.145441936294388,0.0226552288322604,0.400043078275326,0.0381522089730656,0.0405164551047797,0.0696372085338117,0.105867349229147,0.281719048139987,0.0203781647170742,0,0.0168707074052052,0.105686600336527,0.125726867828194,0.0742037438135414,0,0.0679800174743413,0.165618049518218,0.0586202364650688
"R3388_YZ_36",0.731362874985302,0.0889119104525818,0.565228857214186,0.491124876244407,0.395506200648389,0.029148876750852,0.0305899473832827,0.519586767579582,0.0122389680725223,0.100437016458932,0.102848273702174,0.0269634534220525,0.364695039234464,0.017075089626298,0.060122402294652,0.096875454608675,0.077271165565358,0.0210153759817805,0.0784817281150793,0.0211082927202689,0.00840618304244235,0.222078822260156,0.0553837756181147
"R3388_YZ_37",0.837974560693231,0.0591932509969941,0.552389208394434,0.456938624435211,0.255105858167059,0.0606397798302157,0,0.133205456100647,0.0111906615847313,0.0237131199805374,0.351836185404137,0.00397756701218524,0.521301032689853,0.111556580735375,0.0776131640460051,0,0.0875534338800557,0.042600015197486,0.0648448712585289,0.00339555697172916,0.0454202185110572,0.055767504548198,0.180218905216981
"R3388_YZ_38",0.862112149889789,0.186174353356707,0.398254785353286,0.413114552434889,0.445000244837689,0.10774168054557,0,0.437581387951516,0.0251634310363613,0.0551806635417789,0.0910995718462009,0.128608957583655,0.293538081558937,0.0480623211076211,0,0.0387508869022441,0.101343338287745,0.0434786300093157,0.0800283050011796,0.0165537289223487,0.116784666242121,0.0793190423426046,0.151550047501473
"R3388_YZ_39",0.831597425191742,0.152022984437315,0.460042844071278,0.439456962695162,0.464660411881473,0.0828775929667373,0,0.349440374697401,0.0129595568287442,0.0738807230654211,0.0273842248020248,0.091352462883828,0.283649286556016,0.127190674824937,0.0203891272387695,0.0505447829068448,0.120683899481372,0.063162359373532,0.0510627997986247,0.029887480040212,0.0440283961451185,0.146532294438071,0.116059836171648
"R3388_YZ_40",0.82164896112519,0.240092188048428,0.342257536152399,0.705056513566391,0.346536884255445,0.0876996676628991,0,0,0.037561678928276,0.0988056401066716,0.139901125970334,0.0668805577622056,0.287769262191978,0.0236387147707759,0.0776947319560072,0.021629534006072,0.0677355254211926,0.0453411299431953,0.139691921724324,0.0130226547249831,0.0646968773158304,0.0388360017266351,0.210704895352198
"R3388_YZ_41",0.961795757648261,0.26106855544322,0.401974460396576,0.372023762218344,0.429854313623093,0.0812772870325224,0,0.470929981912964,0.0249750527441961,0.0461450010592255,0.0229054611384587,0.023084107442726,0.19051391517105,0.041565654064635,0,0.0926998497152459,0.0986761216625056,0.0519636902702936,0.0408932462933025,0.0262002490711494,0.0474373370009955,0.102422348545129,0.107843710744964
"R3388_YZ_42",0.809455871359322,0.107753736633066,0.476226032531549,0.568851521456403,0.50168756173329,0.0393083133458112,0.0273438579424845,0.257508665316175,0.00773796829896978,0.10581213344726,0.0527821718015553,0.0463684078521785,0.247626262520022,0.104676017227174,0.0171277531669134,0.0469908053926559,0.0760330850502384,0.0608968035226998,0.0424259073664717,0.0315567837464237,0.0532528533101787,0.153418638904602,0.0823963085640029
"R3388_YZ_43",0.82097362576711,0.111860846669276,0.518489682336431,0.45938508295273,0.333328614495929,0.0447034041471006,0,0.249769478241776,0.0121872800414665,0.0711217215402465,0.162505854098992,0.00783728455393146,0.513459324323468,0.0552021648067789,0.0342784811144265,0.0543608324558969,0.128764276343272,0.0234097179727148,0.0781932750396342,0.0283587473329175,0.0274216952040194,0.124995418064438,0.124810059789447
"R3388_YZ_44",0.811540241000933,0.114282077356994,0.438797053107466,0.612489418694833,0.249178932609928,0.0492424191297522,0,0.0759732674522019,0.0114950817443918,0.0893291688417962,0.142293062318075,0.136437317450632,0.398219933512125,0.0427028319835927,0.0428919102065707,0.078385814951808,0.090679091255583,0.0427085326920001,0.0584256442338818,0,0.104623098303371,0.0118348338505996,0.28870216129965
"R3388_YZ_47",0.738228594695661,0.102646933422216,0.541997003580406,0.52722728489022,0.49700137368044,0.0524999655865693,0.00365811223204003,0.249137416555257,0.0124696445244189,0.0911079415878988,0.0395662333981482,0.0439616445462712,0.334350222573336,0.078612146003883,0.0313372479467627,0.123155353062118,0.0716433376220245,0.110874030156829,0.0422106222954289,0.00917647053813776,0.0240564498322433,0.100923353847424,0.0941618238731034
"R3388_YZ_48",0.728975217030106,0.0744300158245411,0.647962123342508,0.581677885959849,0.418318531234058,0.0295265763797293,0.0202832992816875,0.223832244311374,0.0135687783104666,0.119722403418223,0.0737184883218467,0.0319235677391599,0.48453436084064,0.0204262563853623,0.0584205799097634,0.0287844555817595,0.130146312081555,0.0152884088470437,0.10390788356991,0.0248984466496946,0.0153520302783393,0.0736427577214737,0.047818720304472
"R3388_YZ_49",0.862154668366802,0.151784425141,0.391975339455722,0.468341801292677,0.470306333134299,0.0836435273164899,0.00639673811989837,0.212212959910043,0.0324744922949372,0.067053823510192,0.0126557999147869,0.0937936547975692,0.227847429511565,0.12024284743999,0.00420610926050625,0.0747998656011891,0.0802172983316369,0.152792999704921,0.10115198507851,0.0441454734974115,0.0539425758551993,0.21209171101726,0.135644099830998
"R3388_YZ_50",0.844960495614563,0.19871942842393,0.310745111788518,0.388903002986654,0.46277937782089,0.13989744227751,0,0.481861384689346,0.0196505954644106,0.0341140437493254,0.0446576449816661,0.0511815999056789,0.170101633419517,0.126133182416251,0.000779653377575973,0.0950282810776621,0.122471419822921,0.068389191106749,0.0764695381430544,0.0621087032982889,0.0451941899183503,0.127008915024672,0.182307828236524
"R3388_YZ_51",0.655821409637365,0.131060873404758,0.317620018004306,0.681236387462015,0.378739550873341,0.0654473469698133,0,0.00759194037544867,0.0260354742831933,0.0971223065073729,0.0436089762261111,0.096935314960872,0.271244384880938,0.08757993189697,0.0385403861112759,0.0819717550516364,0.106555473609351,0.0240820626263888,0.109802818121041,0.0371588632329728,0.0799487921697316,0.158887181701486,0.248311733835469
"R3388_YZ_52",0.910479631817747,0.109021379107078,0.50911517669004,0.442502112028578,0.360243563672555,0.0453438115310801,0,0.0614163024920103,0.0176345349798548,0.0273906646492182,0.160217275267109,0.00917223404800264,0.536105212480451,0.134174687696704,0.0433728911482299,0.0789791305031189,0.119813698188518,0.0555826411196552,0.0698271158943288,0.00228105275658467,0.0129492558199846,0.0741157378430697,0.227095306285092
"R3388_YZ_54",0.902829632002771,0.180412784291848,0.556698772174184,0.430927304034825,0.445248362055494,0.0770330724526352,0,0.271424529418083,0.0185563862486099,0.061550039846865,0.104510639788949,0.0196834762597617,0.392478355804065,0.0909806207480511,0.0078075622054862,0.0249830390771044,0.0962477367019532,0.0675445177908578,0.0865186638828694,0.0331430716918664,0.0342741238879785,0.0444358350611857,0.0632874682511331
"R3388_YZ_55",0.781998568810685,0.122710581353893,0.518347287719777,0.59974327126945,0.361893240415359,0.0887740343747855,0,0.134566830025855,0.014737995383185,0.115504013819157,0.262933892755771,0.0698540583980312,0.412687850111032,0.0125750929907088,0.00699129555301793,0.0238692756250811,0.0669014080841657,0.022098009939134,0.153314380501722,0,0.100400958231395,0.00305401267824044,0.153864147167651
"R3388_YZ_57",0.533026265853369,0.107083875035196,0.500817566921455,0.464562757550781,0.390489118349385,0.0158399531352734,0.00991248268766985,0.110774373066586,0.00788141372592863,0.0789992487738796,0.199882953562535,0.0432363095592672,0.518286761736375,0.104712110256265,0.239991265198198,0.0865127770179443,0.100840807735741,0.0151556183692873,0.100195526342537,0.0364345748415866,0.00825910764634668,0.19260229453231,0.173990658744665
"R3388_YZ_58",0.74721638166143,0.140924851983557,0.532655179558349,0.528780985110423,0.307475796734968,0.032322258939852,0.0193588861389255,0.100067641853134,0.0199013410678999,0.150087354253549,0.0960330730122273,0.0431483536821273,0.318136457673101,0.0706386531395613,0.047029827837459,0.0923500821746364,0.072914431557488,0.077065469227422,0.0732603515312117,0.0150776567550349,0.0925315645159198,0.0679817636854298,0.164224617998209
"R3388_YZ_60",0.907510653809648,0.1958206882576,0.369423178468664,0.408603217630302,0.419989667867451,0.0858826721382143,0,0.212178773684454,0.0120152494407149,0.0433529052484496,0.07650251466071,0.0353768543851759,0.222769872634583,0.0206655334639468,0.0110796389246148,0.0417496752077964,0.105668404954439,0.170287917826649,0.0774996420522339,0.0221784544918113,0.0464829555859624,0.122315818386305,0.101768200756609
"R3388_YZ_61",0.787988926810133,0.0690921737880687,0.680306004212161,0.476251012037819,0.360197430988566,0.0236263036252274,0,0.11816091010807,0.0175660981282638,0.0445257118761492,0.127116601383896,0.013788937738799,0.473612155950527,0.106776313784773,0.0498287232456929,0.121535622189193,0.104999721903686,0.0768392501561488,0.0656812494523066,0.0129809034383242,0.0431592499741328,0.0146675452830599,0.092543943185749
"R3388_YZ_62",0.784947659421186,0.103065957262388,0.406194402515298,0.427693709723733,0.331000533351687,0.0412939622555288,0,0.0680950704902834,0.0297883472889469,0.0451823013998168,0.0648971850508992,0.0202166837617834,0.355381331178704,0.0984002877036116,0.0579837961106384,0.204958708099202,0.116523942425571,0.123618222224088,0.142573098680055,0.0184767554716001,0.00522623005036198,0.295071725978756,0.129399273349307
"R4163_YZ_1",0.684801096200849,0.156852220091548,0.0959766565595865,0.411785833762555,0.494704061056152,0.297539475258807,0,0.473093933220548,0.0425495085438833,0.00319177390089565,0.0660017265843818,0.0159322486002782,0.278977833709185,0.0252694233657894,0,0.040883979593539,0.145435943100927,0.10031309693096,0.108002214771238,0.0446786138223132,0.0662118419953289,0.0675441236004542,0.263285440934253
"R4163_YZ_2",0.618472435042425,0.225055282956921,0.183925709251244,0.295135421753814,0.439713404294083,0.371842439874959,0,0.292231645436303,0.108549708958503,0,0.0139556567433069,0,0.284521628571004,0.00702587789070891,0,0.0360974574922292,0.157463683639446,0.0520883240292786,0.0724200518963636,0.0393406847454154,0.0449220663519372,0.00289065510137808,0.183987184820614
"R4163_YZ_3",0.847753319072948,0.369194268648446,0.0968327795192352,0.252977672237489,0.39421344300496,0.292816798068524,0,0.300323167270084,0.0847578132138191,0.0258575980991523,0.0512628379121107,0,0.258129822524987,0.0131547332158194,0,0.0992335678839279,0.204825411651885,0.0427034449228573,0.0802976336752445,0.0212718703806207,0.0746861046458056,0.00543838817226725,0.21422605382742
"R4163_YZ_5",0.909044334001808,0.217928067462072,0.0964446046986983,0.305745800427838,0.450755446083488,0.250821956291467,0,0.244050682180389,0.0192477924037911,0.0086571354998986,0.0752655694471346,0,0.488532576943968,0.0364193855722441,0.0110240608643357,0.0724154664620223,0.224334282610541,0.0233220152864561,0.0820635777902812,0.0394598170809343,0.0692837011430524,0.00517646585271003,0.351347034841822
"R4163_YZ_7",0.745571985572709,0.1604782619424,0.172591078217203,0.40431890552177,0.457956623309663,0.207288991261254,0.00618569384307455,0.336803988200359,0.0219894815829591,0.0281921959116809,0.0405581169418262,0.00763814162403484,0.382588644343195,0.115398850259022,0.198942738525871,0.0569799542796239,0.158979674523131,0.037901917034401,0.0791640745835362,0.0311064055786622,0.048526561420137,0.0288647292744729,0.305460665675188
"R4163_YZ_8",0.314184350541048,0.152619399199506,0.0932721231559992,0.220383413171934,0.494636243821848,0.559660826033796,0.0807609982143522,0.382654115236759,0.0957100348242348,0,0.0496400426885974,0.0058982202415984,0.172420173961897,0,0,0.0426496980122351,0.122342233990001,0.0782548196923716,0.0932369534175602,0.0292474222543105,0.0492420299318287,0.00298269109111664,0.100796373096593
"R4163_YZ_9",0.864520037817659,0.154640085181556,0.122126090313047,0.425821446548514,0.269915860893903,0.126877154403152,0,0.170664077685619,0.0207359125896861,0.00683668127322448,0.209823992517648,0.00994944704066279,0.515526121177182,0.103925643670155,0.0661980601529649,0.03018449883907,0.15028619932434,0.0602920717918311,0.0617873591734122,0.0431057914523079,0.0510518863521306,0.0402235941418035,0.474017848825809
"R4163_YZ_16",0.878926416240268,0.0772431804171642,0.19441889128359,0.437595566035422,0.187191025065594,0.0600499962203062,0,0.14927977310527,0.00912029436238243,0.0068697365887442,0.167779409702414,0.00175778542008644,0.556123737428985,0.0522808685426326,0.0851739708966402,0.0551199814322631,0.189046906589488,0.0215236406024508,0.037149601434052,0.0845352268886809,0.132539297593237,0.082973473467874,0.472063755857912
"R4163_YZ_17",0.318339863249124,0.151581579959431,0.10649567414894,0.247284469912753,0.397817967793067,0.372844957263178,0,0.17849512097552,0.140627172586073,0,0.0168523067514277,0,0.395630214617662,0,0,0.0786077523836064,0.21439003875329,0.161169177738318,0.0896174617882987,0.0278023878149829,0.0560075800768815,0.0155209868565729,0.191035931552915
"R4163_YZ_18",0.549915507069841,0.172405050885913,0.20348412646847,0.344960033123203,0.388355781886226,0.249773919404607,0,0.175141533623194,0.112118238526863,0.0061901967336682,0.043169451775864,0.00986952582476195,0.380475860714759,0,0.0046855063911231,0.0328421626722654,0.173912210339371,0.194712177834521,0.0343973377540813,0.0221857366941809,0.0504722750070713,0.0145017489115276,0.236795610161019
"R4163_YZ_19",0.847837412975532,0.196182024186966,0.379232801615253,0.364705750066647,0.43076890453358,0.196100335573374,0,0.239161332545245,0.0618804636038324,0.00455682878487279,0.0324764996838033,0.0131598792364631,0.495069945580952,0,0,0.0425749849245156,0.140313289653445,0.0643165857419005,0.0921945861557837,0.0365175759876055,0.0457402609604334,0.0235819806598462,0.142954808097549
"R4163_YZ_20",0.77809584135255,0.0991633445457271,0.408971047499276,0.445338366270418,0.363920366582793,0.0601927502991304,0.00318933987286978,0.100837376017866,0.016177451652729,0.0150820112607648,0.100117748063759,0.023151990388004,0.61586819820572,0.0619588407633392,0.0840888828921611,0.0388476555284972,0.159095483863967,0.0335296303610091,0.0930516153512154,0.0423250204633951,0.067278224230504,0.0868492638479314,0.270352076315283
"R4163_YZ_21",0.559256021847169,0.0877595646787085,0.465112321779606,0.388547748576194,0.373857639164233,0.144700645843274,0.0159783427119372,0.419572112012143,0.0986360073160526,0.00296710197368139,0.0448391495305484,0,0.388126374771301,0.0152723729132348,0,0.0317627241822592,0.202504601138795,0.0358430021195842,0.0652790751245781,0.109239439605094,0.0830541337746466,0.145551551243653,0.105756188044861
"R4163_YZ_22",0.896121682681906,0.149066861866858,0.485426413193633,0.368845295520645,0.433973129993455,0.128277835332101,0.0032590428145299,0.215885717207132,0.0577775325061987,0.0134073122761988,0.0666247306772732,0.022310789187227,0.558293122090804,0.0307130492722156,0,0.0198765439556092,0.131352171325127,0.0605804342691132,0.102063768521662,0.0517195182287964,0.0281905003033803,0.0425392235979558,0.139298608298829
"R4163_YZ_23",0.859990478431461,0.218559933290152,0.241381557350181,0.358882597660236,0.380096437589875,0.163677927226891,0,0.138177973319404,0.057498701549605,0.0079097692149782,0.0859776356569689,0.0308915943117682,0.391608366402677,0.0476285382124926,0.000653678758446803,0.0219688122403285,0.120135290208406,0.074077219546665,0.0874751683260023,0.0274999154416081,0.10300120095276,0.0603343387791484,0.253613610413914
"R4163_YZ_25",0.754362561132022,0.129115344447524,0.2835241899712,0.377469452069864,0.369950641798629,0.150851261363894,0,0.125627471971567,0.050354522128955,0.00772705801956555,0.0175383951475564,0.00158155304086689,0.519110623525873,0.0903483923014011,0.00244134623327456,0.0549154817794662,0.196054644506467,0.0545931545301356,0.065045124835239,0.0853250872113718,0.0549847236041389,0.0487521318375649,0.337899751401753
"R4163_YZ_26",0.629058937458172,0.102975217526484,0.44772100119659,0.454920927302851,0.567623013103851,0.094890054955888,0.0134560613847493,0.326896520843539,0.0335270023214104,0.0329290829046831,0.00973931462112733,0.0175174350191204,0.212291229119363,0.10803633002933,0,0.0740523841646442,0.110481302847541,0.101517317732068,0.0901416713604792,0.0715805415111518,0.0168102056356358,0.272302215301626,0.0537762415850766
"R4163_YZ_28",0.193390649795885,0.114661435646023,0.0980637327960257,0.334228991309007,0.409885100924208,0.417391169731036,0.0376312851075669,0.123802288972088,0.115759960650828,0.0247215466684841,0.034854712903272,0,0.248747913028399,0,0,0.0220377947995072,0.144553403310649,0.150050367466798,0.116156139011963,0.0354650497018622,0.0591920220981888,0.01900364401385,0.176700105291492
"IP.108b",0.481067087757939,0.0593172031778348,0.600928312187273,0.575576805414205,0.289420732227895,0.038299948524465,0.0760719245559534,0.199758561766435,0.0159850764389743,0.0805844265177335,0.233829977586838,0.0529820194860237,0.365861461578434,0.0157588244134303,0.429029271613934,0.0114958487592425,0.111072580430285,0.00706195114412213,0.113389875097082,0.00297706284485801,0.146234699893288,0.0410342377430983,0.0538114865967057
"IP.115b",0.714608380916921,0.0687766311784188,0.402585967484068,0.84459903065639,0.261862983307899,0.0217209133377439,0.102896538204232,0.115099378905238,0.0140633500310086,0.115717126478984,0.0148905057927522,0.05355479003905,0.164880299565309,0.0390324640998582,0.129339493473075,0.0192971856614716,0.116402840562031,0.0121638488694218,0.0731283417698235,0.0807037809484231,0.197936595813324,0.112789647736568,0.127407298306552
"IP.124b",0.981446241178007,0.154613592854031,0.619532436347498,0.433900354077389,0.199608749663549,0.0835572799031726,0.0852088348872841,0.475917305795392,0.0191318023721687,0.0698002448654808,0.00898407622198467,0.021034393830406,0.156954281048647,0.0402692251574572,0,0.0341293589738568,0.102535080450071,0.00728648789356005,0.0557206773443609,0.0008179802296874,0.0669414209058044,0.046477222054553,0.0579686576563117
"IP.127",0.982103291923799,0.0904080707220598,0.276764256749663,0.691408495444278,0.239926111817514,0.0347521248844747,0.120121625672119,0.184653273933738,0.0147478068000667,0.0504670387986748,0.155141223088301,0.0285129951184006,0.198560865132274,0.0281106401779096,0.0183676782815766,0.0261014581958353,0.055625839304333,0.0667678214137235,0.0357481150025838,0.0727370206896097,0.264947584925381,0.190380469149204,0.152990632433666
"IP.138b",0.932363467075485,0.0871248247805851,0.501503577035417,0.53072416718343,0.272927415004372,0.0416666081924626,0.0240193887221735,0.288155607240168,0.0170271044570496,0.0520668186326125,0.111458677166583,0.0124379202815987,0.42653709364053,0.044045951678967,0.0245764467066228,0.0666883262387795,0.154605169240722,0.0165545546652283,0.0408520762608494,0.0152333128347063,0.00425577652010565,0.082480982881014,0.212230403398302
"IP.140b",0.860560331969302,0.0747310302729942,0.404899313695443,0.604255356617369,0.284714414080923,0.0583625432251732,0.0377371100111104,0.0965102382116662,0.0226936431173578,0.0858606097383373,0.0209845198330377,0.0469587540811291,0.244528869497897,0.154503705608488,0.0332504022286091,0.0659388203110141,0.12789672342349,0.026522848940612,0.0568623827719197,0.00192765239470492,0.0938576445061274,0.130477021926729,0.266639079037224
"IP.148",0.950527685661728,0.103971208100308,0.470212469847434,0.5892533601718,0.351869644556109,0.09992372117446,0.0837684213765764,0.112861469297315,0.00299827775448152,0.113613322513531,0.0135260312847562,0.0141996015144903,0.398903438856987,0.0167375865502123,0,0.0414539336736645,0.0926484646156811,0.021301614508756,0.00857924897278765,0.105401405576152,0.0679220965607079,0.0819137504091019,0.131386292924464
"IP.197",0.710958421838566,0.0778660022936129,0.431615248464946,0.847541919156188,0.203570092882836,0.00744784048037842,0.136538767931689,0.0584835323186917,0.046879595715754,0.138296899338935,0.0129214347834428,0,0.130354698416542,0.0302197757060047,0.111986733837634,0.0203328415341614,0.0442060807892158,0.0110604323998452,0.0284737030754804,0.189043101416737,0.273018892909657,0.0754738490830574,0.0720435514790828
"IP.214",0.910746212503638,0.0839898556170592,0.342613072766081,0.803884872559878,0.338613910243979,0.015517006340071,0.0997926682890318,0.0370887356244351,0.0157012948193712,0.12095003557632,0.0382170018389044,0.0341686831835972,0.0290551291875691,0.057882397980593,0.0668171767240635,0.0412718620250624,0.0558690196621458,0.027916149786422,0.040739133935724,0.0415755202608687,0.510320984765924,0.0429520417285241,0.158829537904775
"IP.28",0.255291006192628,0.0644885130637462,0.395006494570871,0.862324534078401,0.234569318040019,0.0638110028253775,0.132431450689797,0.160353120242556,0.0175411398788621,0.0853186387354193,0.185983151395724,0.00731769614745056,0.00981584261705697,0.0363032841612459,0.608396277877124,0,0.0662949300324661,0.011732790829319,0.00815395949648462,0.169217724599204,0.353806021644022,0.107728521574329,0.0287867925242009
"IP.31b",0.807961147824377,0.0532044278500879,0.643580064764536,0.472582933065577,0.137895142634003,0.0251398569938749,0.0776101271889408,0.318276991384022,0.0179220209450974,0.0553984050074522,0.461969064322133,0.0257695660297706,0.382908842714511,0.0825757530033716,0.0498614033014864,0.00171052903074014,0.0685767527549604,0.0110018621816313,0.0301813175331344,0.0149200530955085,0.0875307196866953,0.0493146190430144,0.0691933893180401
"IP.36",0.872881934909037,0.0769977340727563,0.519457712606755,0.799198918510835,0.417748408940744,0.0401381240394754,0.105115896587984,0,0.0233951909200887,0.101406247542556,0.106172501258649,0.0418189313165687,0.149943575717661,0.022786399539887,0.0239953123286782,0.0291376009832813,0.0395630568666306,0.0086505996609764,0.114211709773277,0.00313936324824422,0.208434585091529,0.00985551387160423,0.0815000515662092
"IP.38b",0.699915263633076,0.0616723577515943,0.390753603833754,0.841502011728172,0.18527093090922,0.0151077658711757,0.142452398330162,0.156653311118815,0.0406913335295587,0.11442190072703,0.100070774804964,0.0797868093988883,0.0566245675942807,0.0340246622993837,0.0306801152915615,0.00930543332149414,0.0387655407824286,2.51976253583913e-05,0.109031446091083,0.0500542859934605,0.17739606299041,0.0872357302207538,0.0691348541208545
"IP.52",0.801975725730103,0.0756587677889344,0.4686050793231,0.672082377871598,0.380659480989344,0.0558153498766034,0.0924535847144659,0.0407664360584434,0.0333244300467624,0.117410637250276,0.0164806927291442,0.0201069057110332,0.290321263689216,0.0717039265789009,0.0515161478959795,0.0247575618455763,0.0983468234146286,0.0172638013392669,0.0493499184218599,0.0511254737443148,0.12170788693323,0.0566076293394423,0.148994230276634
"IP.57",0.634286701420733,0.0490663547548921,0.645173832965821,0.825722241485716,0.119165977028815,0.0050285212905204,0.108204996284957,0.107401793750938,0.0112430358245496,0.108438039563093,0.640414707832375,0,0.215017244053378,0.0195462853315839,0.0427835317682799,0,0.0479220033542738,0.00708080535127483,0.0343518766797754,0.0722737137342907,0.136399917919737,0.0450650374535564,0.043216549687034
"IP.58b",0.911745223488091,0.0891197262765828,0.573302228708613,0.648482138152665,0.217325566313613,0.0280499457464268,0.00785572888684933,0.0383731590978566,0.0450562522499838,0.0360116029729662,0.0665766983381667,0.00951734706014486,0.321218264974533,0.137473225770429,0,0.0416876476990954,0.123963883777441,0.0470285590439211,0.0924413353221689,0.0805883601589511,0.00627759904728458,0.10178479024368,0.152908928031212
"IP.67b",0,0.0669220073914893,0.324807953386621,0.854113556190935,0.432820588203315,0.157699823563007,0.132048390223913,0.0697923849290842,0.0237321897607702,0.128260259340647,0.142132121126119,0.0263165427124051,0.118979979236236,0.0286098290643736,0.0574594261849146,0.0804398025690158,0.0671304226195986,0.0197247207017527,0.0850066999977523,0.035147990140327,0.146165751244077,0.0206518516565643,0.0929910070366747
"IP.73",0.691329158170048,0.0560036801784047,0.679020763503831,0.817229340449205,0.364319879909175,0.00561255863841141,0.103659677444833,0.234809224862118,0.0121926303751808,0.093571073240711,0.264741480778262,0.0211705223156806,0.207265682639308,0.000491529361239062,0.0608611518195092,0.0254029166224543,0.0759007253343719,0.00674592337959965,0.0365547722777539,0.00875790649243067,0.0489476090511565,0.0581986806277009,0.0307475084065395
"IP.82b",0.841026505928473,0.108796881185573,0.414312635645691,0.62677350098861,0.4564351838376,0.124301379633804,0.0408076709453404,0.0277750023083287,0.0372297828327354,0.0420207067286668,0.0712090641080519,0.0294730794460598,0.17273388157669,0.0218274528603321,0.0259966744697583,0.054572416479611,0.084084906707063,0.0373622060773405,0.054304684204963,0.0350314577656864,0.18823417765753,0.108097805406417,0.14381080248659
"IP.89b",0.853894955694973,0.0578758821573679,0.655913490360234,0.536591425239625,0.232994576087152,0.0153954028105226,0.0705798198678767,0.375136646229541,0.0201924578546435,0.0670434617002163,0.143948892954131,0.0257014830383923,0.414508102330734,0.044392519401314,0.0487589203177781,0.255462407254491,0.130875337339266,0.00772558963799435,0.0480969474827621,0.0214438091903875,0.0143149466689379,0.0152442355330501,0.0763319587048391
