"","B_Hugo_Subgroup_4","B_Hugo_Subgroup_1_6","B_Hugo_Subgroup_2_7_3_5","Cancer_Hugo_Subgroup_1_2","CD4_Hugo_Subgroup_5","CD4_Hugo_Subgroup_6","CD4_Hugo_Subgroup_2_8_7_9_8","CD8_Hugo_Subgroup_3","CD8_Hugo_Subgroup_1_10_8_2_9","CD8_Hugo_Subgroup_5_7","M1_Hugo_Subgroup_5","M1_Hugo_Subgroup_1_2","M2_Hugo_Subgroup_2_4_3_5","Mono_Hugo_Subgroup_1_4_5_3_2","Neutrophils_Hugo_Subgroup_1_3","NK_Hugo_Subgroup_2_3","Dendritic_Hugo_Subgroup_1","Dendritic_Hugo_Subgroup_2_3_4","Macrophages_Hugo_Subgroup_1_2"
"J1_p1_rep1_B",0.0584322408840369,0.787019689674569,0.762937916052324,0.0618573328885028,0.984769424898033,0.0913498160842315,0.156576968099963,0.0130780981079032,0.00111313587782858,0.0163043559135876,0.0349913289657054,0.0229237153902971,0.0269879257446694,0.00727495711683,0.00160149429328022,0,0,0.00158417814817623,0.00547865132907072
"J1_p1_rep2_B",0.0573418850042405,0.78194072388263,0.765781831737813,0.0628027511972026,0.985629509793613,0.0766598885361185,0.157038834569201,0.0137735127829446,0.00097440228708681,0.0185423835608053,0.0365330061846562,0.0220498507894185,0.0258036063620063,0.00711639420281041,0.00136274197784929,0.000224879666192367,0,0.00161848817145626,0.004586474617559
"J4_p1_rep1_B",0.0745774602127383,0.783481746695473,0.76346097860922,0.0712164395090261,0.969043681427509,0.139195822884064,0.14174368429925,0.00716974182615697,0.0010768017927307,0.0258533823057236,0.0400259704033956,0.0196447550958355,0.01612371633902,0.00243098724032157,0.00193530341199268,0.00492691242867433,0,0.00415606145006389,0.0123323467083908
"J4_p1_rep2_B",0.0739598839100508,0.7796266794877,0.764666226703916,0.0688073309236761,0.969407147086757,0.143700598379451,0.145345656053429,0.00753822398509913,0.00097128168188231,0.0277870903384904,0.0408946000694174,0.0195708567710415,0.016886064482098,0.00236501621325609,0.00188671019408113,0.00500703280561152,0,0.0038377051399905,0.0125195895801416
"J8_p1_rep1_B",0.0853681071956491,0.749910417768655,0.770777201683949,0.0803166199270317,0.957485115470435,0.0848966243808657,0.144556308699234,0.00493511383140967,0.00132464655606062,0.0485887351325821,0.0388471511180901,0.0180597336615903,0.0141228840868039,0.00331690222757097,0.00233430566838121,0.0114028507342806,0,0.00218588875909455,0.0153487688395378
"J8_p1_rep2_B",0.0799938882042137,0.755632432738052,0.773828861004373,0.0876905912879137,0.956041206915287,0.0287732619887568,0.154987708064806,0.0041240486526528,0.00140722908675071,0.0499852835529482,0.0368409268204148,0.0180978325861172,0.012626664667345,0.00418205540672423,0.00196881697381764,0.0159307249928308,0.00559543075450168,0.00172431977425507,0.018255696840746
"J11_p1_rep1_B",0.084862803405911,0.751430169250836,0.78672413535837,0.0739952375946069,0.952534618150432,0.0384015944724838,0.167185573853735,0.00592999938793583,0.00145320742122705,0.0420292788495553,0.0335136405750689,0.0175990264474397,0.0103568921210607,0.00433831412853783,0.0024411389563884,0.00116769857182767,0.00449663088775405,0.00300037666584765,0.0130630985100395
"J11_p1_rep2_B",0.083712756509947,0.749010387951219,0.788870559411928,0.0729900006584919,0.951939344378032,0.0340296310481192,0.165851890466038,0.00391506148890637,0.00161131331099128,0.0414807741504747,0.0334680024708796,0.0177087330133682,0.0109815271006218,0.0049777232111159,0.00239019217936994,0.00148431748730403,0.00615398371873115,0.00318539532601832,0.0129921546394631
"J14_p1_rep1_B",0.0822486185594042,0.741841413436878,0.798964385189256,0.0627173887615089,0.959069545105205,0.0545971383422564,0.169367021924375,0.006799931570448,0.00152482661344636,0.0301452006197643,0.0321354800409168,0.0148285188843064,0.00927785269091774,0.00480640055061642,0.00199083175607792,0.00831038725683313,0,0.00099509287471775,0.0103825360060148
"J14_p1_rep2_B",0.0813734454292313,0.742835445759294,0.800112211576692,0.0626046075298216,0.959973978557346,0.0510142882617408,0.168146761865959,0.00578029646367153,0.00143635569532328,0.0276915851092069,0.0300432552436332,0.0153103851607715,0.00998556786187266,0.00347129312122832,0.00204215700601373,0.0212955512514647,0,0.00123884792760554,0.0100006270865053
"J1_p2_rep1_B",0.0382162640556346,0.549499501655925,0.74262427293873,0.0613344818878883,0.999229627459318,0.266530939273973,0.265727712377266,0.100100450923912,0.000261558938569647,0.0134925457637204,0.0386175509858197,0.0166890248676822,0.0209928456641581,0.0101292683956614,0.000283503467833421,0,0,0.0123705415100831,0.000835458255358625
"J1_p2_rep2_B",0.0382799626211563,0.556092959802687,0.744943596975984,0.061624638174094,0.998951960031205,0.249355170573277,0.262227733695879,0.103106863551164,0.000239226161703324,0.0145492103814695,0.0386364235977888,0.0165703854285069,0.0202680014991358,0.00964995484718819,0.000353151161696429,0,5.3376618744e-06,0.0132390592655348,0
"J4_p2_rep1_B",0.0428264338051928,0.660423305421783,0.78428398469281,0.060619407150019,0.9966956551076,0.0950805098744879,0.221789579542301,0.0290541001233811,3.58581678255715e-05,0.0116748791421301,0.031382901790269,0.0182279982281867,0.0136561495498117,0.00789485799586252,0.00084969114297285,0.000823997970528667,0,0.0140916280763549,6.553760026585e-06
"J4_p2_rep2_B",0.0429125026439499,0.662451025608951,0.786959854480183,0.0611542767768109,0.99801970813275,0.0677307890898685,0.210471346193347,0.000390726423406167,8.38684126964067e-06,0.0156389551519002,0.0217682318155363,0.0194599170470114,0.0105811886939471,0.00791123769029486,0.000612387117288637,0.00157479257915213,0,0.0120094100752713,0.00290897522367425
"J8_p2_rep1_B",0.0619905209989529,0.645905016258313,0.763796862224912,0.0723784554836783,0.976023877841852,0.13643645892225,0.225723170109501,0.0107711848079645,4.55539099004235e-05,0.0172477170113826,0.0238855502680473,0.0178433688356295,0.0112414652684219,0.00463713698597445,0.000760090398528483,0.00132350786440217,0,0.0151899418298776,0.00149717100856408
"J8_p2_rep2_B",0.0590716676912601,0.642587094014954,0.760189259705919,0.0692066654341885,0.980849499020103,0.161974534715809,0.225020216405243,0.0133187069816282,7.841192700424e-06,0.0151626873366896,0.0171386330220937,0.0188494894418349,0.0120634299277626,0.00467085167723407,0.000173109479039533,0.00118133384970732,0,0.0167623092775918,0.00184994540373963
"J11_p2_rep1_B",0.0558921116442705,0.577422487672894,0.659078145532001,0.0803499916277981,0.967465874008278,0.527076857308577,0.2448529031298,0.0823133974417854,0,0.0117984066315405,0.0166939034568382,0.0184647790139049,0.0120917224617237,0.00431228252087101,0.0018622782510901,0.000425600035950033,0.0166121447030246,0.0264091745198045,0
"J11_p2_rep2_B",0.0558318300812317,0.593803672181989,0.706799598730166,0.0764941621745109,0.978295597964675,0.351423147018383,0.24079303075983,0.0620525418789362,0.000402413567078881,0.0136572338837449,0.0169547453398437,0.0173777400745743,0.0139848176142917,0.00365842815558087,0.000328968128358421,8.0498585918955e-05,0.00461963814869865,0.020070999755908,0
"J14_p2_rep1_B",0.0564145326506577,0.600817764777534,0.687488312847349,0.0753240976203387,0.97288332254297,0.441047373336076,0.242691075369347,0.0956981958795161,1.93468501538384e-06,0.00985720240784433,0.0162871619187789,0.0183356415832859,0.0138694058070325,0.00284761939059167,0.00061730285209306,0.000293873935671033,0.00963200992829905,0.0139271507397935,0
"J14_p2_rep2_B",0.0585053018963695,0.607490241912212,0.694445276867835,0.111670922397958,0.959614194084661,0.237040983833959,0.20130419055136,0.0728877496711423,0,0.0155292593129399,0.0274271848276058,0.0169606665333602,0.0103843858157359,0.00201594266378159,0.00313653262128089,0.00128170489135825,0.0202011113750276,0.00207771793604927,0
"J1_p3_rep1_B",0.120387525567716,0.717193602036165,0.79186965313289,0.0612559870186065,0.913597409970347,0.0642048491773614,0.194691999939421,0,0.00153144820507277,0.0365159267684558,0.0235785654402047,0.0155758079116596,0.0107077122251632,0.00605784590593679,0.00210093588585777,0.00174421094202628,0,0.00387721284081912,0.0132365013599758
"J1_p3_rep2_B",0.119593331507129,0.721471010377264,0.793506312737441,0.0606604941547012,0.914974862971216,0.0680091407528106,0.193233340292574,0,0.00152626057425223,0.035420501242367,0.0207303554169845,0.0152553519632317,0.0114797731333582,0.00547300896472294,0.00216389971212745,0.00154647741279015,0,0.00249955157783573,0.0126922002361192
"J4_p3_rep1_B",0.124003572020861,0.649119936854998,0.729714671906018,0.109160415436273,0.913383839215681,0.135756072116785,0.194715786002032,0.000748843363868533,0.00120008344389647,0.0625252400985611,0.0408884790392599,0.0152762094427987,0.00962120380895279,0.00451572292133959,0.00174076135046832,0.00117521417348467,0,0.00219998941637308,0.0141402431702866
"J4_p3_rep2_B",0.125442006261354,0.649401559676478,0.7303125230831,0.10120746608459,0.910014033539328,0.182481256442629,0.193368096924052,0.00330183221739757,0.00081193493312997,0.0687595091677455,0.0369588979647557,0.0151417762249259,0.00934870589857197,0.00417672886913066,0.00178773558088935,0.00141971746322453,0.00202374283202665,0.00217067184516562,0.013433689748748
"J8_p3_rep1_B",0.126070462461989,0.639660134060726,0.746327467538432,0.0981078967040664,0.90799627773259,0.132198679443317,0.197604907466977,0.0042281833217337,0.00125431942843869,0.0672865400732919,0.0371194995527935,0.0147011052099816,0.00920703587719312,0.00551819201741503,0.00243029237934012,0.00136763405327923,0.00257611586838005,0.00200105740171078,0.0151532493121316
"J8_p3_rep2_B",0.125448237042917,0.636585382912503,0.755564159759223,0.0869697682241325,0.906864582344691,0.122288778450647,0.201813700250514,0.0017201489560574,0.0013312862776883,0.0638121405256158,0.0344398064666806,0.0148869055194006,0.00965644839573131,0.0056534110203021,0.00271461473885513,0.00130466320055483,0.00382187209009535,0.00178728761074132,0.0150738576448271
"J11_p3_rep1_B",0.131302424095338,0.626601960819636,0.757915830984786,0.0747494125550891,0.902485871781634,0.0997177158870617,0.206685198144192,0.00381006708137023,0.00131538301007351,0.0564632485404352,0.0349818025486983,0.0152188965291872,0.00936066645980144,0.00637690668847346,0.00322373838556523,0.00122873479946122,0.0025582333552184,0.00263644457167142,0.0132444209482355
"J11_p3_rep2_B",0.131684920581323,0.621051676358681,0.753522405456469,0.0693254980289627,0.902902970875221,0.126670114566304,0.211479418864493,0.00372963659410547,0.00135374638790737,0.0578663800619509,0.0350814799640988,0.0155623852627092,0.0104747250735276,0.00597479214702344,0.00358604491583865,0.00138118088600747,0.0016730741004005,0.00354248563103372,0.0123345720981833
"J14_p3_rep1_B",0.145224535014262,0.628744472824826,0.771529752281955,0.0633830875533207,0.891422638546454,0.0728053222596615,0.209642300343734,0.00347838320934383,0.00026151524897612,0.0475951241245181,0.0346667242857509,0.0147892508225391,0.00825218538436973,0.00658614036704774,0.00387403158971997,0.0018934861129241,0,0.00267457792496822,0.0101375896126176
"J14_p3_rep2_B",0.141462486955109,0.608472759279537,0.773051154008111,0.0613193835455186,0.892395952349775,0.0796647883459921,0.225780076244646,0.00252914217664713,0.00019790880885006,0.0483655680791553,0.0330420956003817,0.0144831358043339,0.00931037995778067,0.0060180206442521,0.00363300638155018,0.00176809652197255,0.00207260887615075,0.00323889588010396,0.0102096993841189
"J1_p1_rep1_hetero",0.109571260643109,0.654197889512633,0.635591762164202,0.112567625552504,0.913336136845414,0.337948608515353,0.213676375346429,0.00261736888852247,0.00212807889605673,0.0184218681162486,0.0316899088807852,0.0136318342926443,0.0427768689272556,0.0463095405070115,0.00346963301107493,0.00857501669191865,0,0.000654111390347033,0.0538170242926868
"J2_p1_rep1_hetero",0.101129177533799,0.754336785675288,0.687257222578883,0.113199950182215,0.902425322334293,0.116653441725672,0.164412449156469,0.00569914809348503,0.00190941262357747,0.00765661752727633,0.0313203886981494,0.0178939544138319,0.0481344764277978,0.0352922802047339,0.00207985803465826,0.00344684037778318,0.0032802137021354,0.00127281823115267,0.0620514958002817
"J3_p1_rep1_hetero",0.0774976993901993,0.760455663158553,0.693950767216709,0.10920147402701,0.920433033804373,0.131908806701036,0.164725101429027,0.00677392203929783,0.00189596806547699,0.00374003438153729,0.0220909871959254,0.0195788050420479,0.0401901879970958,0.0223932927827721,0.00526248488617838,0.00363038602084077,0.0082884770059183,0.00133763889393057,0.0535024507844874
"J4_p1_rep1_hetero",0.107530880718662,0.740046534830852,0.702554332568593,0.113931261052414,0.899264274858225,0.110479709481647,0.176736204536685,0.0043206620166688,0.00196295778788816,0.00755284071349709,0.0277702217010752,0.0185857288142146,0.0346989447729206,0.0167588399481942,0.00440676932450354,0.0108239695690337,0,0,0.0481414516423462
"J5_p1_rep1_hetero",0.137090018276488,0.732625202588278,0.669756339113188,0.136398497918226,0.841841269556268,0.140552933558258,0.170314819408214,0,0.00237967977418861,0.0105207899207787,0.0212838835194765,0.0194522733151835,0.0316342239396606,0.0140462418952584,0.00529574518645502,0.0189069031360823,0,0.00105217074006908,0.0562559238795875
"J6_p1_rep1_hetero",0.145408575070932,0.732100188120911,0.65773694717984,0.148299646664334,0.866688088146357,0.162814634886928,0.17502021550117,0.0012859982983163,0.00260215311977551,0.0138293890705776,0.0192555930062523,0.0201546641876482,0.0295491402803309,0.0125635325123298,0.00576260625818117,0.0154998419798482,0,0.00116304307929802,0.0351680931340038
"J7_p1_rep1_hetero",0.137856443523171,0.731053057203194,0.652978482151218,0.152846222075086,0.875846388037165,0.140371357107286,0.177168939548274,0,0.00249877463143419,0.0124793745735508,0.023193606489277,0.0210320736338084,0.0305317057164805,0.0132790785815883,0.00561624024955778,0.0150204432978884,0,0.00122428753174967,0.0314661851378748
"J8_p1_rep1_hetero",0.127839227677244,0.727559602291569,0.662886521164954,0.140924958141268,0.875558013415777,0.142586435975266,0.174288439150509,0.0016864651087787,0.00214343161311415,0.0138888470201154,0.0225816216583473,0.0209807758261416,0.0320499753328427,0.012401502828103,0.00593062826076299,0.0163766615812689,0,0.00081090908384075,0.0420928984005118
"J9_p1_rep1_hetero",0.147712380161467,0.723249445880658,0.675606634574744,0.127077522415361,0.842219509919242,0.135151253534291,0.178554366197804,0.0019665638896158,0.00331425982452093,0.0129391155736336,0.0214764177357715,0.0204393051613734,0.0343356316418365,0.0131872598070001,0.00613202064807202,0.0117917134159187,0,0.00134407483685513,0.0504541969913219
"J11_p1_rep1_hetero",0.168934875551228,0.739920861862215,0.684005023384659,0.128293171002244,0.858058954557683,0.163637764069954,0.16831025270566,0,0.00265380855550235,0.0103452732676045,0.0218480967616042,0.0195613517603473,0.023941778430057,0.00925171635065722,0.00464779163476478,0.0196517792135911,0,0.00113276615017038,0.0318067776164408
"J13_p1_rep1_hetero",0.178310944138075,0.736294001996005,0.669207846975927,0.140946689512013,0.85249588917697,0.13995695995399,0.166704939356791,0.00205518154400023,0.00238158618074772,0.0161045951329611,0.0180891738036234,0.0210734121278809,0.0218097333119632,0.0105773556290737,0.00590094898435316,0.0165346858007069,0,0.00129299322177275,0.0237844553317366
"J1_p1_rep2_hetero",0.107695514911098,0.666635029354528,0.647981733658208,0.113411769736927,0.916442329423969,0.280329300348171,0.206172622050817,0.00223499852218737,0.00222527866691246,0.0178923553796549,0.0318741777525231,0.0139226263266802,0.0456976474323495,0.0434877185034218,0.00449666053333173,0.0066640155897726,0,0.0004720470644056,0.053655750675628
"J2_p1_rep2_hetero",0.0930408016655464,0.753319762850276,0.687974325377404,0.112748475436812,0.914859783593446,0.107296450621281,0.165301628471613,0.00526140147329633,0.00287491644765398,0.00664891373551158,0.0329490557743731,0.0178001846246214,0.0506505779857781,0.0368658838315002,0.00277919484599608,0.00330322850919732,0.0029838667342669,0.00126150194054623,0.0636822730664122
"J3_p1_rep2_hetero",0.0784416415658065,0.753043713204442,0.687180791433876,0.110523938503932,0.910818134286923,0.149018994033143,0.169758344557924,0.00554639127320377,0.00281757772744102,0.00399426930057738,0.0212234761447027,0.0193985170742709,0.0439684836100849,0.0224236703723251,0.0054241931346887,0.00361909132512138,0.014070559329798,0.000839671940855667,0.0542054513627201
"J4_p1_rep2_hetero",0.109636452840096,0.738053690773417,0.699131021714456,0.116327889422572,0.897444582152316,0.109142099355141,0.175294811599144,0.00324770728773247,0.00173573934983171,0.00715458015190871,0.0249291650314847,0.0184138762263878,0.0334842304100397,0.0160363298263251,0.00519134271160872,0.0116103018604301,0,0.00115632061513062,0.0472437513380854
"J5_p1_rep2_hetero",0.129322480904971,0.728859493848079,0.664114018514051,0.13739877990929,0.858113884040649,0.170426951516538,0.176587690313779,0,0.00208823157918507,0.00823909399160792,0.0214932964367382,0.0189930903709841,0.0303388046372597,0.012551588530749,0.00524163110874208,0.0150338895208037,0,0.00110473901782543,0.0543461696595536
"J6_p1_rep2_hetero",0.136773932978114,0.731468176081888,0.652948373226292,0.151160196731241,0.866825552934587,0.165664691811507,0.174177540353376,0,0.00250189226078694,0.0113690186367877,0.022246252413793,0.0200653465981773,0.0297621070885573,0.0134150080515852,0.0049298263615689,0.0157825498416367,0,0.000985725561268933,0.038287783120983
"J7_p1_rep2_hetero",0.134720128093292,0.733170157789283,0.655438023282254,0.151184531046741,0.878943770766216,0.140045946986879,0.171968247433809,0,0.00239497919543979,0.012510564600291,0.0207850640945695,0.0214311358389212,0.0298956168932574,0.0127214244788591,0.00497783160439822,0.0168587482554282,0,0.00126643777397028,0.0318838536746139
"J8_p1_rep2_hetero",0.128608039013137,0.722630561152736,0.6677900865529,0.138185204784926,0.869935921007017,0.147678625804357,0.1764856708335,0,0.00222559302065306,0.0115004923243026,0.0209640655211179,0.0208750630402981,0.0303560970812444,0.0122226610249499,0.00585920445870408,0.0180243737620406,0,0.0012374180211067,0.0435069991951467
"J9_p1_rep2_hetero",0.149450758917858,0.722826445568254,0.67318264712927,0.127646645718936,0.839104201230301,0.141079507400348,0.175983381717108,0.00251358384733583,0.0030275883891817,0.01212745521784,0.0226927307494379,0.0200717049791615,0.034586413768358,0.012687692547682,0.00637763492613271,0.0125232676171605,4.850034647579e-05,0.0012765147768048,0.0522160521960874
"J11_p1_rep2_hetero",0.168574778832996,0.734172174609696,0.689850992813417,0.124800303718551,0.859623312149724,0.147181743516714,0.172676599091282,0,0.00221306566121791,0.0104541401664401,0.0207361865395267,0.020001406142562,0.0231485442399678,0.0095718544936941,0.00542003756724686,0.0192135691644866,0,0.00116630742535338,0.0315994323353448
"J13_p1_rep2_hetero",0.17148748929771,0.728455465299044,0.668276923296553,0.136385938737699,0.858607454657898,0.160389970314876,0.172076858805542,0.00126833149319697,0.00252759201312052,0.015453355335416,0.0185483144102102,0.0217429838387326,0.0239950712663306,0.0104172248531468,0.00574296065103593,0.0207037831808617,0,0.00114833533725283,0.0245588413790505
"J1_p2_rep1_hetero",0.0379576303744738,0.602431077178456,0.602418009442601,0.136681520779585,0.980593953301045,0.286975166353008,0.20761139225758,0.00278898738686763,0.00146726817628792,0.012557102003237,0.0438135299249797,0.0393108537623122,0.0368651488811463,0.0301554746814738,0.0042455699696372,0.0158652348346772,0,0,0.0436928202835128
"J2_p2_rep1_hetero",0.0401528342476526,0.643461259949997,0.616049373516301,0.150526185684906,0.925724494395286,0.203173328057198,0.180487043843988,0,0.00217401240837712,0.014737587618191,0.0331639368672466,0.0271595943647753,0.0382266628977532,0.0274314227310786,0.00482512882030818,0.0182112941019248,0.00910734209300165,0,0.0909760460192595
"J3_p2_rep1_hetero",0.0432893162501947,0.640009439591773,0.604780880003345,0.160062623622623,0.837876505184076,0.200516274376211,0.173560444469023,0,0.000912155472049828,0.0171690888117348,0.0255459602301743,0.0240612264387232,0.037113570973977,0.0206908758682326,0.00568116781787455,0.034197514751798,0.0001129412733288,0,0.128754901251512
"J4_p2_rep1_hetero",0.0399143281136305,0.606802800538258,0.584557137019607,0.2063719666695,0.858309833299594,0.208570074935658,0.16941688277971,0,0.00110479262194144,0.0248310174007539,0.0293064676658277,0.0261802209371467,0.0371796040866889,0.0173374060918408,0.00434506655612906,0.0210222608903741,0.0004385986295561,0.000107800634896267,0.111935443608256
"J5_p2_rep1_hetero",0.0433675192554857,0.623772124014883,0.581546223614107,0.231648565983286,0.925903210787129,0.187965720820122,0.170859987429393,0,0.000993210645622495,0.0274030934143133,0.0296643858090903,0.0238997426303374,0.0315195412003231,0.0141803944415267,0.00532589640298642,0.0081200793756018,0.0015146816670063,0.000527469670966333,0.0665019907535487
"J6_p2_rep1_hetero",0.0394017035299618,0.670803330342597,0.616806226303368,0.213510716660576,0.949272914703549,0.0830867397379284,0.164553524055956,0.00147239465337757,0.00099043571840905,0.0217484009161057,0.0360926808156073,0.028834497421951,0.0344383991210966,0.0126342579604018,0.00531839981385416,0.0149339816306831,0.0038438690830178,0.00148658877627867,0.0559189962056899
"J7_p2_rep1_hetero",0.0436030030169166,0.671564425953504,0.641075289903766,0.175858798906144,0.956465126580237,0.083233472280457,0.173769841299233,0.00240785954530427,0.00147845082575112,0.0202816691383871,0.0266612746437404,0.0274094015268463,0.0349835936878474,0.0100437937473576,0.00549147825975124,0.0180740060032296,0.0151479270262704,0,0.0415434357967313
"J8_p2_rep1_hetero",0.0408794510494884,0.668634933441856,0.651537591560007,0.161039631700522,0.958839836362218,0.108104444059837,0.18096409869107,0.00341836023332933,0.00115970171198135,0.0188475222563987,0.0272502610797313,0.0283487896727634,0.0338051857179075,0.00984667233000944,0.00594341123633312,0.0250229312822038,0.024787659585778,0,0.0358800956973702
"J9_p2_rep1_hetero",0.0554496339531155,0.657226060817122,0.639441885977364,0.166322837415611,0.931943325984278,0.0934699419534842,0.18300049695464,0.0055396636050658,0.0027882331740554,0.0152303571937637,0.0226911082167255,0.0251005116433529,0.0376379307824025,0.0149548454940111,0.00565377188553333,0.034298669210835,0.0273306496449425,0,0.0355532552038365
"J10_p2_rep1_hetero",0.0410161842637382,0.68217164344406,0.674190121705738,0.135419999746216,0.955371168885166,0.101688862768581,0.17863717027871,0.00316545265054057,0.000981081377194855,0.0172633475777782,0.0269276256922393,0.028384017828722,0.0347488512671431,0.0105463948183319,0.00632597714838366,0.0232805472188281,0.0230994230571655,0.00104494614536058,0.0389408420335479
"J11_p2_rep1_hetero",0.0505899066264456,0.673166923319638,0.64408857173399,0.149042809127651,0.919484463987863,0.119512801941574,0.176303599891632,0.0026720141123008,0.00135250015163788,0.00938453923133034,0.0256009271531581,0.0288757739339459,0.0398724454304848,0.0139858922717159,0.00599884669054392,0.0342704224984512,0.0139071366720695,0,0.0561957196641408
"J12_p2_rep1_hetero",0.0414609319798518,0.676690479460028,0.681446202578086,0.13882007639983,0.955655750524518,0.0698294321375127,0.173539097298267,0.00276087868722633,0.00103630075022758,0.0107462055261706,0.0283856945636711,0.0270450924049998,0.0355200806064581,0.0120259744560094,0.00575897754231207,0.0270423584995868,0.00509964099115685,0,0.0469626747596354
"J13_p2_rep1_hetero",0.0415625751828531,0.650404077150749,0.673393590034661,0.135932186885671,0.936616704281493,0.100923561160055,0.193517785619227,0.0031116829927787,0.000656931539590583,0.0118961042917051,0.0284782156355963,0.0301704101876511,0.0389552976984712,0.0145565243654839,0.00503049050958001,0.0300073401378507,0.0226762510208329,0,0.0524021295927709
"J1_p2_rep2_hetero",0.0376827850748618,0.599446129214353,0.608829190430902,0.133020904448284,0.98738383602268,0.298048774073487,0.204679010704499,0,0.00196075525923932,0.0100706719705398,0.0415136286513112,0.0402586682019925,0.0395694333790958,0.0310329664759282,0.00456000815942862,0.017608882333983,0,0,0.0415665171917697
"J2_p2_rep2_hetero",0.0410256173683845,0.638055405208539,0.625352516136128,0.148898638789458,0.919524932291402,0.154153579794522,0.176548433739534,0,0.00263777673424098,0.0147776503984354,0.0369892848908831,0.0270646849389128,0.0392243211611931,0.0296274588737337,0.00389657446749871,0.0210763757515997,0.0123830938121179,0,0.0899558279314916
"J3_p2_rep2_hetero",0.0415810561622072,0.63950473017716,0.595664271489892,0.162174300591789,0.841984596717487,0.223648406509074,0.168183673507412,0,0.00220031532566081,0.0162082329622095,0.0246826301872363,0.0244263658125018,0.0374293256743774,0.0219289774366347,0.00501912044443991,0.0375958165251571,5.831376211465e-05,0,0.12891362522926
"J4_p2_rep2_hetero",0.0403116762708877,0.600888673015635,0.577852518447589,0.2044137933871,0.843850658680506,0.220731421117888,0.171432281605794,0,0.00023985926170657,0.0245741819767718,0.0297568000697849,0.0265085315353629,0.0382802818283392,0.0177415995743964,0.00566529374452551,0.023751083589783,0.0002917383051377,0.000829441281774783,0.119957347240992
"J5_p2_rep2_hetero",0.0392686239472049,0.623055246789392,0.586222623249115,0.232432670892122,0.924305046461734,0.168671926718886,0.167202291960842,0,0.00118844050028162,0.0253021617463489,0.0239477044842228,0.0238840720483572,0.0326222053837699,0.0137520801714094,0.00505073798336646,0.0157744897166839,0.0049973651201822,0.00123413105866393,0.0683600820831501
"J6_p2_rep2_hetero",0.0396562379292339,0.670118635708956,0.613841628064693,0.215452911940197,0.936258285553621,0.0854240511495257,0.16487033210095,0.00312226842552723,0.00113203878009228,0.0216484585699968,0.0367895626074504,0.0289615342098202,0.0350846054136454,0.0118510528036526,0.00486959729707953,0.013773641025754,0.00228013871559365,0.00186493348232743,0.0619575417151003
"J7_p2_rep2_hetero",0.040395674278013,0.655462398265365,0.629825348795547,0.183198913956794,0.957635934770446,0.0902541540593756,0.179417562252719,0.00306785850064113,0.00144221130849305,0.0188482937090047,0.0269186060709808,0.0281305390966686,0.0372246178616848,0.0115192987209341,0.00655401092603668,0.0171886954011379,0.0166731623130211,0,0.0411733383376276
"J8_p2_rep2_hetero",0.0410195757748962,0.67922836186321,0.659192620492317,0.157002197981964,0.964827393025673,0.0889264124832924,0.177725143191278,0.0031265177393813,0.00103623217654947,0.0178578316141421,0.0272341719413228,0.0281726340838779,0.0350277303179111,0.00995406623209356,0.00545543854935529,0.023796057717844,0.0186629960620051,0,0.0358002388731751
"J9_p2_rep2_hetero",0.0529298954237804,0.655586034323147,0.636853608380307,0.168183325465232,0.933778147171365,0.0844679562587317,0.183149763408144,0.00558714874407127,0.000626129360408148,0.0145235912052807,0.0234295109010108,0.0243940290814618,0.0386522425708936,0.0149783894503838,0.00592853051758423,0.0337769321339705,0.0252859742742836,0,0.036527774159122
"J10_p2_rep2_hetero",0.0431292573885559,0.689780713206821,0.670049856234438,0.136366674940021,0.945695943862264,0.120627873160841,0.168589712173259,0.00325570434435477,0.00121819357865106,0.0157098369144456,0.0269955862765852,0.0286387725885687,0.0354392084503033,0.00890770895915992,0.00546224969606467,0.0265203857967638,0.0285629814089972,0.00120666088489038,0.0396091358677437
"J11_p2_rep2_hetero",0.0515284006331096,0.684881137009478,0.651181623754539,0.145627756121957,0.915219434848718,0.110890812273057,0.172300672854163,0.0027009725894552,0.00200534111582542,0.00868811807028804,0.0264723572467261,0.0288784141686811,0.0398044807522802,0.0133522700134291,0.00542439831322168,0.0317343315343142,0.0193629166124251,0,0.0539463607711273
"J12_p2_rep2_hetero",0.0399048610575504,0.68313338543305,0.670020946268615,0.13984746188691,0.957420279557514,0.114392350622135,0.174841574205884,0.0029946017530907,0.00169070371963511,0.00916519831884282,0.0270584658386912,0.0271544819776311,0.0371188839948602,0.0120314822010423,0.00570073240882242,0.0323443959425631,0.00529354731562545,0,0.0465006954380055
"J13_p2_rep2_hetero",0.0421324066415697,0.660420389320855,0.673966039197294,0.145084900790408,0.924170316810251,0.0669753677392975,0.183351358896962,0.0030197174706288,0.00276380118544337,0.0099729994811891,0.0281337911680828,0.0297810070643169,0.0420479138500575,0.0146258404574674,0.00512806451808323,0.0313654669539446,0.0266098066311482,0,0.0545927831338146
"J1_p1_rep1_auto",0.0539351226953316,0.771361439295384,0.752137029816125,0.0637396118308114,0.989143710309547,0.0736466162359093,0.153788668484639,0.0130779614251163,0.0101612673432787,0.0243941128702784,0.0683711924280474,0.0264758530293234,0.0229479758774903,0.00731379284817692,0.00123265536163392,0,0,0.00167817593447467,0.00785766677295051
"J1_p1_rep2_auto",0.0535721954371804,0.786009888901859,0.761952652697167,0.0650100782037287,0.989226201354003,0.0745815882413635,0.159454906133902,0.0117511233938086,0.01301356901948,0.0255868558296546,0.0666492275562653,0.0230957213867458,0.023888021744402,0.00513699987574005,0.00124516886368542,0,0,0.000827878550227506,0.00640455728610377
"J4_p1_rep1_auto",0.0643013066777621,0.782314251338015,0.765463561709836,0.0729725842397629,0.978944189373075,0.0775253831105686,0.151993567224936,0.00348411717330313,0.00826604876511999,0.0252060141204327,0.0698252509430589,0.0236496011939669,0.0156331476427834,0.00252421134309252,0.00163376835082865,0.00568622585126738,0,0.00529034329226095,0.0162842348507171
"J4_p1_rep2_auto",0.0656026932144714,0.786801740303946,0.768775686116292,0.0718625778108267,0.976162164780213,0.0844236270625725,0.158682190135622,0.0027285737980363,0.00883919347851726,0.0254346662491969,0.0661901609328843,0.0215464086504717,0.0148183032777975,0.00212198546832354,0.00178872034208232,0.00115241513353638,0.001113818895698,0.00256299598813227,0.0151583656204853
"J8_p1_rep1_auto",0.0683338857269037,0.768425424374046,0.787221936705615,0.0682417843483685,0.970953485399971,0.0440322587225483,0.162074045221769,0.00557236970356397,0.00779730877544972,0.0318912034273856,0.0428337352506172,0.0203156030264806,0.0147642799364798,0.00390510156529743,0.0017818269587759,0.00643566873527678,0.0032484884555015,0.00287751680429435,0.0175548374362329
"J8_p1_rep2_auto",0.0707111515442195,0.790271843636509,0.78422855217124,0.0708001164762632,0.965828194003427,0.0477346803401368,0.155452377851203,0.00467261163038707,0.00855486807403653,0.0319324452037076,0.0444226364815791,0.0203406394646694,0.0155992381972773,0.00353630290454696,0.00189639319605495,0.00778816084956443,0.00591645336410765,0.0009393327730044,0.0164978786757747
"J11_p1_rep1_auto",0.0653858584511459,0.742214930323126,0.778789906823914,0.0712194350843716,0.967403067584212,0.0431031591944235,0.185531925790729,0.004213537193142,0.0105103940596387,0.0293991855433678,0.0514990591236097,0.0190269316568427,0.0125487904687801,0.00935908886609336,0.00234533205238095,0.00963250774443647,0.00655859373787315,0.000399404882998167,0.0168678654369561
"J11_p1_rep2_auto",0.0610362524983219,0.734985333871809,0.773489590020433,0.0743638238744495,0.970793294914694,0.0392175853940636,0.189154696262394,0.00753124406777143,0.0115193039190242,0.0338944837652733,0.0546124430872696,0.0178144806609538,0.0102215493679643,0.00783214940985705,0.00219444824603131,0.0100548610614965,0.00807562927208274,0.0008405381544057,0.0187392765970943
"J14_p1_rep1_auto",0.0606222134577338,0.755576136459024,0.782295811398525,0.0704881098118025,0.979871527095419,0.0389392461642395,0.182294740945392,0.00658889519654227,0.00812511241478146,0.0211619874733135,0.0487192162501116,0.0173923696166922,0.011808696954044,0.00724273584286836,0.00214519228212917,0.00626759110598715,0.00027789527774032,0.0011590080780026,0.0129577407552456
"J14_p1_rep2_auto",0.0602570547738637,0.77392074381203,0.780501168493,0.0730229749870678,0.97884401982301,0.0296582265222067,0.183126866736166,0.0114544300126741,0.00996332325741293,0.0175547286485995,0.0451520640869189,0.0177715913833544,0.0153574447533247,0.00877176061177376,0.0021571158299584,0.0132833106977093,0,0.000818220189514683,0.0120931684161496
"J1_p2_rep1_auto",0.0373531425941025,0.561391403476063,0.728310006772628,0.0689957674841944,0.998226549536853,0.212467551524981,0.259178268712416,0.0924014417823029,0.00432198931527222,0.0132956058664061,0.044959976238537,0.018308032166639,0.0226284596731703,0.0145451562591308,0.000475273045210317,0.00017898537333375,0,0.00683024731080266,0.00551787240746579
"J1_p2_rep2_auto",0.03789636563328,0.552971419273633,0.721684490292569,0.0702362447136645,0.998650221052261,0.23324809264731,0.25875056873439,0.0864365047779178,0.00246924814160689,0.0126498081585368,0.0437505819333258,0.0191652653476366,0.0210211022420272,0.0139272979290786,0.000489188144210533,0,0,0.00963379926040627,0.00578715630717528
"J4_p2_rep1_auto",0.0443295591138398,0.664831672672147,0.768691767576802,0.067773117969965,0.994388760044483,0.0890896057978129,0.234473221572235,0.0170484048363296,0.0021418443439229,0.00864208198820126,0.0409597901544715,0.0178866723596449,0.0180008868545662,0.00773589143049456,0.0004028575957429,0,0,0.0109724903679811,0.00225460124338573
"J4_p2_rep2_auto",0.0427800899643749,0.657195387297926,0.771861298876737,0.0718238165237916,0.99524138343476,0.0607597033296212,0.224685223347966,0.021540288810664,0.00304852076719074,0.00733474693130487,0.049645993129662,0.0181134036660952,0.019538596077768,0.00808915926377438,0.00021194002337375,3.37737390267267e-05,0,0.00815009531443123,0.00175609699804456
"J8_p2_rep1_auto",0.0693001769475451,0.643827159360829,0.732050028914489,0.0976362323758129,0.96654409650218,0.110406029651658,0.214056696724721,0.0033665229780221,0.00157488264654637,0.0230407774422089,0.0448835460362185,0.018980346981046,0.0153419560800194,0.00395530965329158,0.000843900602320067,0.00100743977683695,0.00133972990764768,0.0136787903748216,0.00516766241877295
"J8_p2_rep2_auto",0.0704637107683081,0.640816130344166,0.726057011346618,0.0989163303503856,0.966569675927852,0.134098835039866,0.220219030405856,0.0037200389860034,0.0012706524370321,0.0253565022117027,0.0468194277405295,0.0190869488291761,0.014162190026526,0.00411156382731751,0.000309877232705172,0.0006555275637855,0,0.0111047806152818,0.00578413162312745
"J11_p2_rep1_auto",0.0583499481830604,0.637830223769311,0.745544839439675,0.0865781813188374,0.973619192987556,0.0957231299405223,0.235087196897715,0.0180141666618399,0.00131151848488235,0.014235667895134,0.0410329363388195,0.016983899448108,0.0192336090859775,0.00413139487506668,3.58690273709392e-05,0.0006364525994775,0.00472652770720265,0.00733797209598034,0.00161022191398139
"J11_p2_rep2_auto",0.0646185821585253,0.636656200301843,0.755899514485099,0.090678039076656,0.970638976976922,0.0877979842781461,0.2312583246024,0.0215360114443382,0.00219800002209947,0.0172363839889122,0.0369933125641771,0.0175369115496107,0.016006368277972,0.00482544227256555,4.22429297416667e-06,0.000905115516476133,0.00014870726591109,0.00890121477967271,0.000181015520736987
"J14_p2_rep1_auto",0.0583820743481148,0.633756813613688,0.760599601942414,0.0698639523455381,0.978011550893862,0.133469103960367,0.243197649771266,0.0236575157359445,0.0024089044604123,0.0131611109330387,0.0380893736598817,0.0170276193703688,0.0182980475009668,0.00527988665724799,7.72508176242212e-06,0.000312329383930517,0,0.0106312465864071,0.000527980195998825
"J14_p2_rep2_auto",0.0589759048051806,0.623594262842848,0.75082302684875,0.0763750872976439,0.976250136284456,0.159558897123309,0.239298909518017,0.0285398836652439,0.00258564395371433,0.0136914002667085,0.0329764636875227,0.0163206424666148,0.0154353714022857,0.0056220993118702,0.00022746622719537,0.00122273802585223,0,0.010996018066724,0.000661262258287325
"J1_p3_rep1_auto",0.114127458932113,0.723450756616617,0.764675770853398,0.0686183206474527,0.919552662978256,0.0515315099939184,0.194404672748619,0.00237719506481683,0.00902487000867463,0.0351605203164005,0.0394099421350853,0.015775364042268,0.0111959104772987,0.0108581248193482,0.00184563342450538,0.00153425588380207,0,0.00207409506856373,0.0172519455977298
"J1_p3_rep2_auto",0.111258559431901,0.706527219974185,0.771632844298643,0.0707836445851001,0.922208221315269,0.0337134424097501,0.19739683635128,0.00155728846195743,0.00995746031474601,0.0434573409496601,0.0456560332994225,0.0146939610531563,0.0109231382204467,0.0111174790320535,0.00241020261216794,0.00146856321376098,0,0.00202769829171392,0.0185451620534856
"J4_p3_rep1_auto",0.122947599623986,0.674593954189826,0.746171662278551,0.0902108150409176,0.915374473993852,0.0929506002168038,0.195229957693741,0.00551675264675813,0.00763278246262838,0.05558690978049,0.0390935470013518,0.014596778368483,0.00873659225678196,0.00747296311298146,0.00211977034172445,0.00169323491953112,0,0.00211530006434012,0.0156382913319217
"J4_p3_rep2_auto",0.126303333235046,0.678562381532811,0.745868321935106,0.0879285374377766,0.909600182285531,0.100769668439233,0.190739157228899,0.00174056118654943,0.00777553015860314,0.053036223761915,0.0450169170727519,0.0150563952653289,0.00762763152983828,0.0073556572247098,0.00228291903381706,0.00139708504055332,0,0.000931277155611033,0.0169561728836404
"J8_p3_rep1_auto",0.126766351410006,0.630534076400871,0.739814357359281,0.0869175476726037,0.904144756769148,0.126943119064826,0.20644348599973,0.00443868954049073,0.00595988799684949,0.0604937364810507,0.0379539798533853,0.0145583165310567,0.00821725505116191,0.00759796357022041,0.00372010365738254,0.00162219524955893,0.00573660831862245,0.00204930779704922,0.0142017788921228
"J8_p3_rep2_auto",0.126738258051551,0.654338512128638,0.73179078288119,0.0901842404569992,0.907172610196945,0.129283636273986,0.194320786955827,0.00381037337501613,0.00564527159737139,0.057916616094799,0.0373990584000739,0.0156173811017097,0.00798465072994633,0.00845341087707863,0.00327463282925869,0.00153488366962215,0.0028673227201445,0.0021807131786121,0.0155018592042175
"J11_p3_rep1_auto",0.133977145621299,0.647251487749437,0.754823582295914,0.0720455977405541,0.897828626553198,0.112843333543329,0.201352381629543,0.0033563399498314,0.00511554595371027,0.0573150684971875,0.0354348409733917,0.0149651992486161,0.00768940996006069,0.00797876566207494,0.00310310950382467,0.00141646003860772,0.0035399322648949,0.00229202037243362,0.0130182005342091
"J11_p3_rep2_auto",0.141832368470959,0.623100242878986,0.732463259216258,0.0743953118027858,0.891259003084353,0.168451431107531,0.221032080167918,0.00422781743053706,0.0061023029358041,0.0603354025418142,0.0352229426016632,0.0151960422231667,0.00883318679271264,0.00895130461423339,0.00396165608358355,0.00131180213390658,0.000116689045807715,0.00240332873301095,0.0103312920076539
"J14_p3_rep1_auto",0.141476361557963,0.649385709663096,0.743306543842901,0.0697073512881621,0.893054229138299,0.125368073472785,0.209888388559777,0.00559978803584967,0.00582970809965837,0.0331061528086396,0.0348529767587461,0.0163386639652554,0.00795087421824327,0.00955412112734108,0.00297018552691,0.00198739582039065,0,0.00344836231053132,0.0129478711597119
"J14_p3_rep2_auto",0.131150425984871,0.590355686115597,0.765024307751919,0.0641022780510445,0.903103076261379,0.123319924029202,0.217759255480949,0.0101907036729878,0.0040707475069549,0.0505809749126895,0.0282671725815081,0.0151633396420798,0.0119655105676755,0.00458167958408773,0.00459422592366517,0.00211654993464998,0.00300663648611805,0.00626037315187492,0.00984609373293427
