"","B_Liu_Subgroup_1_8_7_5","B_Liu_Subgroup_3_6","CAF_Liu_Subgroup_1_2","CAF_Liu_Subgroup_3_4","Cancer_Liu_Subgroup_3_4","CD4_Liu_Subgroup_2","CD4_Liu_Subgroup_3_9_8","CD4_Liu_Subgroup_4_10","CD4_Liu_Subgroup_5_11","CD4_Liu_Subgroup_7_12","CD8_Liu_Subgroup_1_5_3_2_4_3_5","M0_Liu_Subgroup_2_3","M1_Liu_Subgroup_6","M1_Liu_Subgroup_1_5_7","M1_Liu_Subgroup_3_8","M2_Liu_Subgroup_2","M2_Liu_Subgroup_4","Mono_Liu_Subgroup_2","Mono_Liu_Subgroup_1_8","Mono_Liu_Subgroup_4_10","Mono_Liu_Subgroup_6_9_7","NK_Liu_Subgroup_5_8","Dendritic_Liu_Subgroup_1_8","Dendritic_Liu_Subgroup_6_9","Dendritic_Liu_Subgroup_3_5_4_7_4_5","Endothelial_Liu_Subgroup_2","Macrophages_Liu_Subgroup_1_4_3_2"
"Patient100",44.8285282814747,0.530520555466424,0.258940911270105,0.222513069486031,0.298095667441944,0.0510132059259765,0.096463391320775,0.0323181915113242,0.163543654554295,0.113779087374421,1.55432758018213,0.0318639501917282,0.287017946886037,0.403255520497047,0.0657159629501075,0.0420726943284699,0.088764586015228,0,7.77092811128345,0.0219069981529208,0.00780488963173233,0,0.742413543618996,0,0.0101679609121287,0.0076463851973406,0.371455330503647
"Patient102",2.56484389248482,0.70066106692417,0.212494903196566,0.597155549051612,0.469536040699276,0.0586774239098184,0.225104559432569,0.258896853122386,0.0559586436942043,0.267025429736876,0.0503469136250463,0.0937005172744274,0.313896728511611,0.195375951131417,0.00110312587635472,0.195788892359243,0.312632761616287,0.1143687132708,2.16570084999421,0.0106782799330822,0.0520595245462704,0.0554932052308913,1.29591088480237,0,0.0374222586329515,0.0204716253967136,0.144813239401598
"Patient105",0.503648828331251,0.409588573555966,0.0915141702713557,0.303060872538826,0.82499676826828,0.0444656851121756,0.41700789198598,0.117788139871871,0.0624444848446649,0.0357024656384441,0.245313154554867,0.0371702133801013,0.0707940333870052,0.0696175491060978,0.0249625629493359,0.0173059462497115,0.294969464088027,0,0.270284115461477,0.020837911216031,0.0669048207229393,0.0899746841710791,0.11499984007199,0.160360600250619,0.248224043884447,0.0765748838436346,0.0561380957722474
"Patient106",9.48946593210944,0.930865449568985,0.0982437656090555,0.283802601843227,0.747551241593694,0.00657288608745779,0.302167610107804,0.0360632551068555,0.0509918614647767,0.0627701074524442,0.0703013888298896,0.313399603138122,0.225439239464307,0.204950216218459,0.0453401893356399,0.0301212676724868,0.134028469096281,0.0143589537404853,1.71918250223099,0,0.0442205691544786,0.023339396534069,0.857579554163853,0.00126332559911561,0.0251478941114689,0.0308497258175973,0.266871371680878
"Patient107",2.88323322602837,0.450276692099702,0.195567140449255,0.623610877781533,0.648276304493967,0.0139923402907348,0.377693397058328,0,0.556556186906703,0.00443132197672897,0.0173181824745727,0.0660019484190921,0.168503604671199,0.244051133932343,0.00573000670286802,0.0343721425635637,0,0,0.0528282023075114,0.0349279489753077,0.00710871336740464,0.256783617933521,0.0101502796321842,0.0176534894114272,0.0893298086920156,0.0289279092243589,0.0574606637470765
"Patient108",0.1776285560366,0.653380204463545,0.100122687573024,0.491327101460919,0.5942897227063,0.026604734501168,0.411573428768178,0.226722144790223,0.292006530821242,0,0.0803472035724947,0.0426283072507766,0.090224929201915,0.150306907354364,0.0165892185933976,0.0169569021942916,0.0658917915820605,0.0196205332880294,0.489078443097819,0.000999570690739373,0.0172634040253934,0.0273774234283942,0,0.160082583740577,0.188514256057313,0,0.0760352628878941
"Patient10",3.39695590449561,0.812847574749292,0.120652595541519,0.525308351365695,0.847719823723915,0.0257761875052157,0.340097186308663,0.29774528432885,0.0733101863696185,0.32497510566725,0.0748621738362362,0.0645898145468492,0.130244782511213,0.129516920329464,0.027517367549815,0.00853917149525313,0.167089021047497,0.0193778669686572,1.26371591165835,0.0411408404376812,0.0744041821236918,0.0584915479941282,0.278111269006427,0.0655892722544999,0.0539657648518154,0.101273708337185,0.116553551422353
"Patient112",7.34402009881486,0.795701282255534,0.133390193084966,0.518989428989207,0.597048004444336,0.0372206866764689,0.279119578595934,0.282182404224843,0.0222301557312244,0.0735444332667572,0.124762279496895,0.0335127218523768,0.186620161733739,0.190280522227562,0.0631518498281434,0.0120651532777716,0,0.0236234127719307,1.14909896304964,0.033464311735082,0.207487649225178,0.090789934511455,0.45715924403259,0,0.0414909369027101,0.0772642394557784,0.0869264106862799
"Patient116",0.622055911797395,0.926474810839135,0.174926220442328,0.547024020819372,0.75965029436332,0.00750332887207533,0.314008899436474,0.0913010656424572,0.0753890810671063,0.188503334083096,0.0106965362648891,0.0801832806241834,0.221504697558972,0.0774078068731712,0.0500231876093229,0.0164782984526764,0.079643322392885,0.0537612431801099,1.1704939578514,0.0621710282397038,0.19924679238319,0.0476631814792818,0.378905575123867,0,0.0519098002066257,0.10150697129571,0.0825493574071008
"Patient117",11.5667885073748,0.96534608305488,0.227998185830207,0.282261114531301,0.200580795609275,0,0.149010975481836,0.0571604535154338,0.02780037651527,0.0922995305766741,0.0608352068182144,0.039643523130644,0.263315437671271,0.331712783555813,0.00369396518864339,0.325881986389876,0.22576936428693,0.00397251359619697,7.50406230006788,0.00512657218321914,0.0844044498118905,0.0190610084983314,0.719922579497695,0,0.009526396421931,0.0391911175007403,0.391163117289025
"Patient11",0.629489787331525,0.906039916662596,0.102315457904364,0.343403888965504,0.681516458185945,0.0163247037873751,0.304650891747233,0.0539295993298039,0.139820116710284,0.29169155314405,0.070010695917663,0.117323883151689,0.22524906495612,0.201753955439398,0.053769107339854,0.0510554598963949,0.236324377178747,0.0251960763421846,1.12968694753717,0.0649630471559339,0.0535632653818333,0.020000346184231,0.197367936505915,0.00657230509166562,0.0749309952295587,0.100129561493051,0.184193199937124
"Patient121",4.82517819772027,0.795467960606195,0.105517795994899,0.404914172080107,0.608306152822297,0.034163093780349,0.244727168919683,0.246521173190874,0.0374932681803601,0.0916189145400333,0.212567372141288,0.0557100539315933,0.227761842285524,0.257199063711857,0.0604712959757787,0.0521421804825856,0.0266653003064291,0,2.29169709239013,0.0309140032499825,0.108188646956783,0.024385942956334,0.372890431999907,0,0.0120888624637413,0.0412613864098064,0.206003049049338
"Patient125",189.699217831649,0.440855646638945,0.106250397465283,0.0524688788790111,0.305294207397126,0.160053172594665,0.165429102969475,0,0.113652641919193,0.217532535844315,2.86270531072782,0.0328612092280006,0.129434779320019,0.246522261972554,0.0366984984741697,0.0290716447418743,0.057526630034261,0,4.12790742949184,0.00715907192548302,0,0.0555210740735268,0.9077734121806,0,0.0124872406222353,0.0017160120087787,0.292814119019287
"Patient126",4.43200100834232,0.937457235393457,0.153227299576074,0.392805103189801,0.495532766718523,0.0105985175351273,0.191501185736812,0.162840167857977,0.0942195771655323,0.0627964144755447,0.215769263309625,0.0186640860129872,0.187744007499281,0.287731344822608,0.0972221352532118,0.0771543107333011,0.22496177656371,0,3.03988789249669,0.0319663767136856,0.018405334763068,0.0324532749459902,1.34382651563606,0.202833959237637,0.0110171362452485,0.0154311180056339,0.32695312765223
"Patient127",0.387922893429243,0.851033557738461,0.250961051135922,0.38094583302055,0.741869862917307,0.0263298116993785,0.286304584699103,0.329466989597891,0,0.0155047939383187,0.0338256546643615,0.0679420495219385,0.252573362314469,0.216577012005798,0,0.0386434805548136,0.103837648195242,0.0422395394507585,0.839430957995988,0.00431071821670889,0.0316123047265369,0.109314683852382,0.247715916139903,0.00153461362595982,0.134858966266925,0.192823598070138,0.100655836830922
"Patient130",24.8556090673942,0.936035433915827,0.084772682750028,0.216080368212552,0.713018435897058,0.00365322049086518,0.207815279958122,0.206605220667938,0.0542786591496404,0,0.214018950646642,0.055406181378941,0.214714178395122,0.395775757281406,0.0423777495925972,0.0119095483262954,0,0.0042706193817648,2.32796974339931,0.0270633002526142,0,0.0337235733478323,0.382577883484333,0.0172578844874534,0.0485418190828854,0.00521648620885505,0.296215212988188
"Patient131",0.578266792897594,0.839085423830609,0.171798743482279,0.17489737616294,0.559814880014383,0.0621919359345117,0.245211154350805,0.0904568448407718,0.0222379898823484,0.105814153866722,0.034207226836695,0.0597506172175418,0.221480739426663,0.0811110907349995,0,0.14008722963974,0.530680957732026,0.0899187317591144,4.9816354111948,0.0825241805849481,0.0927550153746394,0.0286731554817954,0.246422648232456,0,0.0772196733436395,0.0454581276371461,0.338079927850642
"Patient132",33.437599484512,0.802674669578067,0.145268822679714,0.354045288529309,0.410144721923195,0.054759567499863,0.241310597208468,0.215110863188829,0.0150341589520199,0.239163149231707,0.141969248030448,0.0473137231933946,0.145212214702685,0.303704734071034,0.0328033367338086,0.139518827090643,0.127412203536651,0,2.70691647175719,0.0195641374120482,0.0151957220845368,0.000491016669954367,1.0502455704325,0.0070080745857901,0.0253494040136608,0.0558381883413999,0.237839727184524
"Patient133",36.8882240496963,0.899361064626257,0.100457756025266,0.109726815299167,0.753078318304014,0.000764374545021816,0.220880620289843,0.0870813808106083,0.123928017443534,0.202843970489201,0.111643069244662,0.0759005060555037,0.238461701543409,0.239927959918873,0.0442099374791142,0.0350506794648552,0.184336831731025,0.045717189944432,2.14017407483415,0.00947194977037916,0.0386893158796466,0.00883255476885795,0.454682518878193,0.00518849353413208,0.137680884915857,0.038633330438714,0.222642398409314
"Patient134",52.6374553244371,0.647514707231474,0.205757761125677,0.37175570668425,0.426049443801684,0.0744935255299867,0.284790255759263,0.330179576561695,0.0899278266624408,0.220081447029341,0.149190242522575,0.0252903435746566,0.127874660557911,0.175288066094046,0.0541047498627402,0.0393593792210297,0.0469893759259666,0.152387136602471,2.03806888507111,0.0281914273995789,0.230414626644753,0.000423300255529583,0.655935397099639,0.000248578718389357,0.018594138917503,0.0509142243473646,0.126490367219473
"Patient135",3.79803320042774,0.849209335889468,0.131753059406666,0.501829781913715,0.763736589981819,0.0105235408563183,0.316059214236413,0.184632782017917,0.0818535852870972,0.138892584876336,0.0742839947753997,0.0481423133210838,0.129069737331196,0.144403506184145,0.0346293472603588,0.0318262913143281,0.350108110155918,0.00875946939839429,2.3210227441447,0.0122056202766612,0.0267769127561132,0.0765625982430338,0.851274755628832,0.0997090084026526,0.0298734138223504,0.0125632306508552,0.193226886678672
"Patient137",74.1648534344627,0.644343345807566,0.23878764301294,0.155622910965015,0.498671060935277,0.132417089471851,0.189261838263804,0.257136169218035,0.0218875678966962,0.197532349033105,0.246889615723173,0.0976210422737915,0.181276010214621,0.293203900264144,0.119932221284846,0.0227346576150336,0.0527376475020696,0,6.31217171896441,0,0.0715500834603396,0,0.403097213492373,0.0112962349698243,0.0436406384785286,0.0309083370689047,0.321613039518544
"Patient13",0.474043361082077,0.837306064288539,0.342190085371271,0.547687102222416,0.910098252303099,0.0601281878659817,0.368694038146266,0.117525868554632,0.0109146562437241,0.0177423654723413,0.0432711426781824,0.136301261515413,0.127220827200039,0.16629422833924,0.00953997779924367,0.0060695315065558,0.0489097835665021,0.0771418975946777,0.848399380868025,0.0723268688648251,0.0939626605781442,0.0430449581419558,0.0772578312298933,0,0.0148916298403343,0.0604365461629432,0.194259623481021
"Patient140",0.106554431401069,0.826115891286113,0.0990234550213778,0.286889210722291,0.845781357407326,0.00340767626621875,0.295781362504116,0.0318842819886564,0,0.319956570756667,0.0319355439013061,0.111776627177079,0.205608448370325,0.107887106117864,0.00066264610337115,0.0199608029727288,0.112261509069355,0.0493392738809973,0.820657999552332,0.0371792873949352,0.0198798477990412,0.0255883393102083,0.111804096861527,0.113404724132476,0.0895716245951651,0.0733401703517347,0.184131751311959
"Patient141",0.10339064586217,0.507294986603,0.19266818072161,0.634315496422918,0.717923197097423,0.00670824816222771,0.369334959250491,0.0810224661649556,0.0100052885641646,0.0852696974128945,0.033134501505704,0.404838355488595,0.153541760194864,0.261410474088907,0.000378592912133713,0.0364821179334896,0.00111859742586339,0.0628481362973303,0.280351775374436,0,0.0167143600464465,0.0582153568347059,2.23366014437,0.0022911985881586,0.146654919300799,0.0529858688533014,0.0445959066411147
"Patient142",1.18029440719777,0.826425876750638,0.170023044346232,0.346573712524392,0.696914021643278,0.0341412119630135,0.181751949030455,0,0.0706315914998185,0.0106910595638216,0.0801941780562807,0.0329945075027048,0.314617331602269,0.238675587618119,0,0.0704735946232941,0.124739211297394,0.0320381194661328,3.37215053895055,0.033333658347036,0.0646888719523932,0,0.45801335007,0.0141712136090182,0.0171640224693894,0.0124910577873027,0.2783584358183
"Patient143",0.139392119040629,0.858703518674255,0.179441186908315,0.156932015555438,0.478969020290125,0.0136605564999531,0.153148565168654,0.02439731725413,0.00463051699207735,0.113920166239841,0.0302505895006528,0.0176167627893667,0.236156632016953,0.172616584702577,0.452608950799948,0.104500732223242,0.0125747425882908,0,0.634498347399432,0.0203885995310655,0.0159421630312123,0,0.0193272398186378,0,0.0747110257373965,0.0957044995734228,0.463776837779212
"Patient144",0.383148682977756,0.904361253092082,0.0936813235850921,0.615768957443236,0.786473205886336,0.0174446751103446,0.265248882163971,0.101100690139765,0.142344555436739,0.213081306462958,0.0377046686938469,0.0484233932400559,0.281321150388939,0.0809245328302989,0,0.0497621436867831,0.246035149061375,0.0647892350046438,1.93566587132099,0.0558027274606921,0.0193325033766211,0.0744446628935394,0.621612798654646,0.168296679240968,0.0257520883891757,0.0794902240994481,0.11429222024385
"Patient145",0.454434830726627,0.854434300314517,0.157625603734563,0.476562863986167,0.596064230651188,0.0114508567151509,0.214581498147369,0.0502124979595011,0.0449951352605875,0.0714685885664796,0.23794534003759,0.0219420131568521,0.221444819000214,0.158723949786738,0.0064270077524846,0.189770444338442,0.531972388846355,0.0126572713520032,4.5562221105602,0.0270907006280012,0.0454573686304711,0,1.24308217219534,0,0.0121877326550829,0.0439145244365533,0.234847789277456
"Patient146",1.04133568050563,0.852998201538737,0.158277752171446,0.623064491696238,0.806551267899621,0.0111514518726874,0.287118111374103,0.113954763586609,0.0526430692553989,0.0739002761090463,0.0471463975772889,0.328351913279977,0.257115837974125,0.119369232045117,0.0272899337689031,0.0277796591941381,0.31165314119794,0.0334209705442484,1.17458932845112,0.000437231508040747,0.116993045453867,0.0135691691119056,0.625418172291333,0,0.0131276256371136,0.0826255532870816,0.127148092130941
"Patient147",0.170184177039543,0.88441219222509,0.112138846960799,0.556010380679243,0.843412576713292,0.0101626414555746,0.379765330015493,0.180264405327161,0.0714587765367733,0.106586654821537,0.0169633631793407,0.130172626306743,0.144825996165524,0.174206732276116,0.0390938678361413,0.00467001374721353,0,0.0581650488445855,0.414716391790873,0.0330844271078049,0.0844727342204726,0.0404682733649841,0.0894706235959667,0.00555967994342325,0.074505889535374,0.170785539225825,0.0714532613531317
"Patient148",1.38620999755561,0.917279303896012,0.0795380864474288,0.191799283155472,0.69050728790654,0.0067389763146957,0.316152403381782,0.0304732037592194,0.0215870471795766,0.102881253933846,0.0516974264153117,0.159594593590905,0.162041670706549,0.0553541834880894,0.000421532937619015,0.0716790457182098,0.345514106652205,0.0254204435030328,3.119733393465,0.0252249880072905,0.0890821821102759,0.00202970780550363,0.27467719019527,0.0608025120281909,0.0638804544308272,0.0339961300844666,0.282689140444709
"Patient149",10.7283464941835,0.801852705312812,0.362879748899832,0.277519606161914,0.565195936788831,0.059952338470097,0.19596757297989,0.173075835536698,0.0408142651277366,0.204305551130321,0.298874439700298,0.00986726389111265,0.241012603196087,0.1830659614402,0.0280998445084671,0.113720852030272,0.323858376815623,0.0255207374836626,6.93392244603291,0.101966455195745,0.00739035447861912,0.00456194521994793,2.2749477427857,0,0.00907491018202769,0.046273040918386,0.3788958578588
"Patient14",0.487380721281933,0.900770934949521,0.126860793071009,0.349308429275714,0.677912265812362,0.0296158633502138,0.245412573505466,0.123084993938842,0.109330854509145,0.046764196349206,0.13992434776756,0.0723316158163907,0.242401169126609,0.240114633627456,0.043309884699337,0.0439576475174188,0.136252280847721,0.0189105051052309,3.41362050675905,0.0828161117014689,0.14437087942051,0.0168348115558166,0.895071724412193,0,0.0254602490709082,0.0787397335764916,0.232213671336729
"Patient150",9.26485941391691,0.91796342005978,0.184964500558477,0.349550693202256,0.729147623644736,0.026273100156198,0.329334743951959,0.334392038422118,0.0655347615015363,0.131494001843774,0.0439029584440213,0.0209544525327692,0.187044681100916,0.251086243160591,0.011006578744526,0.0420517597837346,0.131747971182354,0.0311948048576863,1.47431744927085,0.0226683690313601,0.0248652817032976,0.0144016296123418,0.202397201484159,0.00412168245978762,0.103294274853817,0.0166168646091456,0.131968715566222
"Patient154",12.4034099927298,0.859545501793407,0.330078505859267,0.721391886518666,0.145896006699221,0.0100990094217272,0.304291051667142,0.0782509293868524,0.0100660614107117,0.065684892737791,0.0174239018074183,0.0235569478864412,0.197637032137314,0.101772928985576,0,0.15847702746667,0.0753422939314635,0.0370872812436319,1.37941836596858,0.00226178170511456,0.484948156008133,0.0570836836211299,0.785759508681567,0,0.0103761743481484,0.0989715760563125,0.0781049513307737
"Patient155",0.129286963249299,0.544257062798927,0.157882616770149,0.181335943975399,0.654437827706591,0.0312857156549391,0.296632207280793,0.110027836431686,0,0.0409849303597526,0.0208689751777642,0.24584797968189,0.252197489503011,0.0674447516416638,0.0258531214108694,0.0672285452321401,0.0461875394463363,0.404843309395196,1.41333146240743,0.000970845813894762,0.335857278186488,0,0.328491010843267,0,0.0267864146531475,0.029256421462928,0.0882539192453478
"Patient156",0.124164050012669,0.892873609876438,0.210331495003475,0.594392970397562,0.659045589990925,0.0124841780400325,0.267239226021856,0.0192098835858093,0.0329198035143852,0.00408946505543438,0.00628877652236566,0.340364614605818,0.308679312952013,0.259020541934716,0.000420999146965452,0.0680985183918426,0.0633192921342728,0.0850238118545689,2.07442039197639,0,0.0878116580474631,0.0446114381934328,0.410811605583417,0.00646961634624062,0.0110849087328439,0.111688679389188,0.122260032128548
"Patient158",2.27632908232387,0.889955282947664,0.301060159453994,0.296443964024258,0.875571563278668,0.0459534809893232,0.319119980393138,0.149267658074456,0.0773493352138619,0.098893471981446,0.0619198118310168,0.18271778162212,0.118178003006518,0.129533455383833,0.0493565400284638,0.0062748585016792,0,0.000627965322918659,1.18665534850479,0.0121440070086169,0.104724562049004,0.0140614132092367,0.192509856670533,0.0068669603817253,0.0113971450797784,0.0562021734383292,0.296527568143401
"Patient159",7.9473028199155,0.851008717635301,0.139106693084073,0.395549724277881,0.725115078627201,0.025428561844688,0.356276189327509,0.243652934035176,0.0516202471932643,0.224814278352388,0.0715732946713803,0.136378870368541,0.143559178379678,0.190636468876291,0.00911286113532516,0.0225520256782872,0.21347329417874,0.0894827508554897,1.41882895721159,0.0458159336779304,0.000507970943847503,0.0341478379731423,0.135351799963663,0.0850360387961258,0.0532839102414795,0.101985066044461,0.179246906349887
"Patient15",1.23699171933722,0.775134835452396,0.11072634606476,0.308404500511561,0.706352949849139,0.0149628221392841,0.353375046510785,0.0890886268918325,0.14781972072671,0.165309567374452,0.41286901617487,0.023165906558067,0.12973418546139,0.13943827458784,0.033343927729939,0.0566858625507873,0.283124019218758,0,1.92496477680528,0.00126914813554483,0.0465733660331351,0,2.47041365708348,0.0337551786921925,0.119938236786691,0.0148997146071956,0.21356102284918
"Patient162",21.2635434152003,0.929493653346874,0.060624018991418,0.156065844129163,0.565862118654318,0.0225267458918289,0.318819782548256,0.237824956646652,0.0473277284727827,0.0213883336608934,0.202571307109354,0.0294142121016407,0.137715335631231,0.20494913423145,0.0467697502957515,0.0469688975455907,0.222038048314843,0.0060137590265388,1.10071707789241,0.0338277336171001,0.0990515902970738,0.0086937583218511,0.161905483540633,0.0590985994313167,0.0593325374614821,0.0170780700757189,0.276871281622707
"Patient163",3.44667830625809,0.848225910593923,0.378773836567913,0.554072542994276,0.754308931347939,0.0401824452257871,0.373468927062262,0.314093184980583,0.0100423655590374,0.459167280164769,0.0528979114812469,0.0394917409186832,0.0676681655439481,0.0510254580055398,0.00785480728774029,0.000184750359557355,0,0.0136374001047403,1.31240668721907,0.0238963879354113,0.112921219285582,0.0779757590311566,0.481951942834733,0,0.0426519486495261,0.0528314831013303,0.150373196964087
"Patient165",1.20055755500287,0.807823977815249,0.12098017734542,0.547287503386365,0.829561260696794,0.0175228085527002,0.315023148874558,0.0521275397362787,0.107451536828677,0.0165189224800359,0.0435970526096846,0.341082110459176,0.192654422320564,0.191774957163431,0.0252430129288673,0.0252889768885542,0.287594115108621,0.0439075498156813,1.73510328259126,0,0.0683324877956842,0.033716991498898,0.191112799779997,0.000317800424658092,0.0501545554444008,0.0653046165935022,0.141623053602707
"Patient166",0.159308814211427,0.835517565271587,0.106993057011496,0.578431915841186,0.782661851133329,0.00343017043023691,0.360487345887517,0.127989704647431,0,0.231004679841801,0.00418337310409816,0.174797071683947,0.197868210980591,0.0797418329537953,0.00135881106281093,0.0258758633848222,0.0668594293582338,0.113837780334367,0.487528897283893,0.0250952315907808,0.0772434714584433,0.0472406480167836,0.04576616754928,0.00749698546618567,0.0945277249014964,0.175995000078953,0.039246563615044
"Patient167",0.946067496604884,0.89835101944228,0.0848699679331654,0.33274970429925,0.56164573155239,0.0253602533440675,0.268071317390705,0.00466643334184554,0.0698198027865201,0.0190907939942844,0.153983748429625,0.104907211099019,0.19880386402347,0.364186430018591,0.0217632688236513,0.0513910221484447,0.134087369674893,0.00974000433253475,3.20140102069054,0,0.0143803823767004,0.00107047922574086,0.421173846093838,0.0204698544372975,0.0269839362437498,0.00943400836691642,0.262145123713981
"Patient168",0.463248501037312,0.648021977746267,0.0920721906797751,0.593809834644008,0.880213065312177,0.0101633782487009,0.275411477858015,0.082444854300558,0.0126366452742697,0.361014701448261,0.0427814133240675,0.379720528870372,0.327985872550521,0.115578704667978,0,0.00982241974716107,0.128935512385446,0.0543035054045291,0.874305234514776,0,0,0.025207873980281,0.10396806927197,0.047995283877482,0.0191464513997446,0.176559462266538,0.0950214008104102
"Patient169",0.398920643027335,0.885813762825914,0.225052659811234,0.393500378782279,0.792952255160306,0.0388983046614697,0.327420341275622,0.14077462146042,0.0544947373624124,0.130255654798785,0.203154746911293,0,0.0895547462987324,0.149591064646411,0.0599796026978981,0.049969627179007,0.341081560428577,0,1.58307775935876,0.0518277672398307,0.0478719500122854,0,1.91206592825892,0.0633660183574787,0.0280754815028193,0.0151559037524954,0.269142320761167
"Patient170",0.193870858278693,0.879464759544191,0.108049379741816,0.469115894650345,0.721985696305606,0.0146478092741228,0.28857931522992,0.230178581606356,0.0398951848146861,0.333182257643762,0.0573744145042862,0.107951910149761,0.220633368398212,0.212705314998634,0.101910534794511,0.0265291960762786,0.212246758213032,0.0578305396030795,0.911897800643974,0.0152637635671578,0.0402450518123335,0.0170072768955263,0.48074147283989,0.00724252156190511,0.0162011459546244,0.0378813753952165,0.103631238226007
"Patient172",0.603724229506559,0.641148177213691,0.227059286801281,0.381693091432417,0.229266792004967,0.096408071277967,0.290515175240245,0.342121539070125,0.0244011489691508,0.0892512776856698,0.225586712642004,0,0.105871432606725,0.157044819540896,0.027388542056941,0.160123224455981,0.196913760503036,0,2.8466843079986,0.0022740368594499,0.324662593268695,0,4.95972952607896,0,0.0109382607688463,0.0736314075591734,0.187401887751477
"Patient173",0.270502729567177,0.877633087929651,0.17449973737981,0.580485508895291,0.832495407057151,0.0302814186026339,0.276663630990304,0.163709039625462,0.0554220861279387,0.0112957447095699,0.0252939127441419,0.117017955999476,0.245372010406736,0.112205205167843,0.000237328770687825,0.0108735031661158,0.313086281049398,0.0659889754623439,2.27733594412214,0.0273827437262759,0.132516528727302,0.0584806194437671,0.354740904177317,0,0.0151363398824616,0.0319954829502463,0.171998566727169
"Patient179",0.156030580615346,0,0.0839354611708105,0.0849991433776787,0.693904285349103,0.0197007748675458,0.396816245314191,0.230603059726249,0.0669118219068561,0.51759833678079,0.00385951382437654,0.0510509873614153,0.133837231618082,0.0230135096512974,0,0.015757054995757,0.00244541753406483,0,0.138469595022501,0.00583191146490702,0.0160394841139757,0.176577168440626,0.117312063874,0.189884930252111,0.462595131498621,0.0178243412677888,0.0438933088527508
"Patient17",15.0653172072953,0.922134416818855,0.159325304590083,0.26205221234906,0.599382531901077,0.027359485354132,0.181621036709784,0.144879595631673,0.0144559340329816,0.128482401908422,0.13495698309221,0.122559553993989,0.232591393340328,0.323216814645595,0.0493761376271,0.0559789750110537,0.137712569337092,0,5.37184651214236,0.000619827577105145,0.0351192246075836,0.0230517379004986,0.698147229409,0,0.0127312144663084,0.0166674550065338,0.348796824455685
"Patient181",0.334044452522405,0.848711322200625,0.290563311515191,0.521541933316893,0.516172322650532,0.035760822278134,0.262949260276439,0.318435363410785,0.0804864231676682,0.155598458306996,0.183131307978145,0.0301154119921458,0.182195120244031,0.231043421744493,0.0534152770899009,0.0254695383702147,0.0926885688281532,0,3.06072057623851,0.034026798299297,0.208846760507342,0.0671461361540393,0.959948692144032,0,0.0496834656151492,0.0346007133918838,0.148451115139274
"Patient183",7.58805401363956,0.840405947350155,0.194679343641496,0.269814552587767,0.315660315776351,0.0724834923911053,0.365730234125177,0.194460334525265,0.0893898452230049,0.263580496872999,0.387103788130102,0.0175902059023701,0.0946752061023328,0.192495542950632,0.0264377945407286,0.0914468401390772,0.0548936965749664,0,1.74143396728222,0,0.161660248496129,0.0344478573380001,0.949215692057553,0,0.0880294268142429,0.0032863285511569,0.222924347963454
"Patient184",0.34774189319113,0.897826736591305,0.143094267423463,0.289451628178558,0.746397079792494,0.00157931304512674,0.171623596580984,0,0.0406124010525715,0,0.00428025946645673,0.472038652392005,0.42198813845803,0.324147505753459,0.00919750874359844,0.0051132744122325,0,0.019698543711704,2.25387173695523,0,0.0101702646656419,0.0471549141039382,1.03729349033733,0.0134888324056167,0.0561855019447001,0.0329855957886117,0.155340374935249
"Patient185",1.22973450568963,0.88727676691785,0.140547851874004,0.509726772446153,0.651801015829431,0.013987807316041,0.320606811433821,0.0971732523425798,0.0422300533501552,0.0023993847386862,0.133926725258369,0.150225749509786,0.155311944255264,0.14179765398102,0.0363842662739652,0.0474815953366249,0.086119726830224,0.0213328756874026,2.72832919436184,0.0084759569698256,0.306380132121368,0.013584848093792,0.621897699748586,0,0.0137767463070208,0.0333960640955513,0.135612920903
"Patient187",24.4141288720233,0.92691668091834,0.136234050130303,0.576935532662521,0.66722783613238,0.0193445926684472,0.257344221448735,0.264233395752164,0.0640245719263915,0.195769914565368,0.0312941239679814,0.0287075671831135,0.22468692891834,0.212364229858924,0.048164768283202,0.0706621618854186,0.292612529916602,0.0155923042962034,1.43277824287716,0.0349533107013054,0.0537591993664529,0.0603842445835283,1.38094186540026,0,0.0108914439115702,0.0494133124176088,0.173605374644685
"Patient188",1.59983578359823,0.905415079186519,0.359324371800098,0.579969056690779,0.86279698481191,0.0571420083132195,0.406027956476649,0.102371258957381,0.00256113462803088,0.0786951031748873,0.0595025371371954,0.0489063315184641,0.0590053100072793,0.127499611227773,0.0441876938920209,0.0063517461828598,0.080270211738275,0.0660806000058923,0.588904450169739,0.0605849972883604,0.121267539517315,0,0.145924712838323,0,0.0116604471819731,0.108555131870641,0.150788379699655
"Patient18",0.958645792706833,0.888713597003955,0.0498645653345151,0.516683794302261,0.809832127243771,0.00950229870825714,0.321066644938518,0.0894734665466357,0.142692355169576,0.166092711186541,0.0580358250276173,0.087005190884357,0.251911058576467,0.225662012187157,0.115587311731492,0.0148628877015448,0.143967571005021,0.0413383453162978,0.46058274270942,0.0403907674870096,0.00367844044665729,0.0482467672649327,1.64245487636993,0.187705930311288,0.109909227766414,0.0410213858852721,0.0956540156868617
"Patient1",6.30614789063508,0.85779589919599,0.0868605394415933,0.189287655814275,0.608074933120407,0.0279493379387114,0.431056108866479,0.114003490715285,0.0889941620698756,0.28346687066819,0.109055891519296,0.0274982907276925,0.0604881171429802,0.149379985152649,0.0156371685360685,0.0452671793120941,0.17786164911819,0.0185736153439635,0.434586219227901,0.0017574610523907,0.0536566786492298,0.0169460176516739,0.2214494721181,0.00706686628322557,0.181495862730786,0.0742578158092799,0.166169983155051
"Patient20",1.08334278165924,0.910260015453289,0.431599543731477,0.307349257677817,0.652132555283734,0.0218726568301737,0.185150913742611,0.0418524721942304,0.0921546421263171,0,0.174725235463069,0,0.26487165754716,0.325842759866312,0.0509017882341453,0.0545870744437559,0.202851227557355,0.0112020344344685,3.2836510603576,0.0355468161776649,0,0,0.764834516384087,0.00436775767236382,0.0175983296213821,0.0517662962545558,0.350526975487885
"Patient21",0.827093613549982,0.802814922725037,0.0735493447944715,0.334485017563927,0.794241970484556,0.00534471194967692,0.293056930025057,0.0598747441945344,0.106099785806979,0.0153821511624569,0.0496730969369244,0.172498676230208,0.256596563351626,0.129824309623937,0.014099964277656,0.0152493673683598,0.0733397404838716,0.067691956184201,0.74836591036625,0.0391776716231512,0.0244621028225354,0.011659520756251,0.120533416500223,0.108203083410689,0.140381339451576,0.105804659122419,0.131749906694024
"Patient22",0.107052074646887,0.853519684758297,0.0843728823081698,0.505758540532084,0.714099456057637,0.00628112091848141,0.35047206059497,0.0621602251344381,0.0103508023397735,0.186799312053971,0.0196364971647745,0.0713241792273446,0.168602264032309,0.086711344233525,0.00117126706837964,0.0407017252591429,0.208303742285737,0.0499305359331503,0.711161369879064,0.0207175496447569,0.0351587526591421,0.0623642459575161,0.167234697606077,0.159402632391888,0.099412983105468,0.159226154017889,0.0793833441836842
"Patient23",2.10468564165438,0.885281789520234,0.297745257285848,0.510319865017531,0.713980232086983,0.014717499043883,0.336298394164494,0.0618280823949742,0.0225797602476718,0.262499936029518,0.024986865070192,0.4086275757513,0.21752990712985,0.337727778683297,0,0.0116165295312639,0.0192812911024376,0.0535711549735829,1.07269297915598,0,0,0.0348754507082065,0.234607378050197,0.0106436976373923,0.107923549648978,0.076760546346266,0.10340210929245
"Patient24",3.55392606169817,0.751322940405238,0.248306259660833,0.709284981317581,0.69629692611794,0.00171298170021018,0.289875325282037,0.0452226583180131,0.0475406705692516,0.0691851095107422,0.0520690007599056,0.194152171194498,0.224610939580786,0.132528273946122,0.00131021414715648,0.0398955868290606,0.0477166054911627,0.0431222087092391,0.830496681879461,0.0788296501935927,0.234150460433369,0.000530586610335257,0.134461239026767,0.00466683793606962,0.00117003761221229,0.138007470883499,0.0702147241305809
"Patient25",0.271125010535977,0.946830275839029,0.168881265014241,0.479433117221013,0.517326785532325,0.0145448035286499,0.248619118411362,0.161519038913086,0.103425639690818,0.228872108404424,0.0314944454733533,0.0421931158329864,0.242597776591205,0.200077600878938,0.0255763560135992,0.181201313294663,0.402641931413575,0.0163435920040964,2.83020418947094,0.0221967310877233,0.0780816797178895,0.0473922702019305,0.952974108124202,0.00219653266707852,0.0119532724747503,0.103759701754095,0.184436966368627
"Patient27",26.5765952305174,0.658984834494532,0.0856530223414658,0.173344599617901,0.808200344643929,0.0814562423401878,0.366481947882371,0.255368599374464,0.087016016205142,0.271312715077912,0.193818095515266,0.0295677573599147,0.118749446105872,0.18161730681532,0.0702362593837427,0.00634750931092122,0.0599230908338102,0,1.09367155381527,0.0116361252863051,0.0216837105082089,0.0223804876751042,0.408445318426025,0,0.0520634878668033,0.0282433300396787,0.141753426237624
"Patient30",2.59547617129838,0.854282285141578,0.177507324567684,0.208909256147489,0.537796608613632,0.016723350211834,0.298702750295299,0.100637376110747,0.128009763457,0.0242696143268219,0.273478480869377,0,0.0688273718009567,0.330885326953565,0.0671700811179099,0.0374285860935025,0.0784475780525312,0.00211211963897429,2.97939495331354,0.00351768274423499,0.0164242047081515,0,0.258049593013861,0.174688138780736,0.0108919039148762,0,0.407638220617941
"Patient31",8.63693420646381,0.945118889369875,0.0898856518564356,0.331097625182798,0.619603974821717,0.00428595306390146,0.344439511696698,0.0660827277608531,0.0988719400159758,0.0613387326178935,0.0184774081961188,0.0566600392350428,0.136534877714505,0.222815190414191,0.0527029085085761,0.0332604991958858,0.229512334772364,0.0276123995842961,1.22774616047269,0,0,0.0179637498603157,0.0693730647333333,0.252204067108261,0.10531277966127,0.0604091788013794,0.185787057639411
"Patient32",0.278473461910481,0.709307151399356,0.133222103738348,0.596336050522998,0.650177833331979,0.0339989437586863,0.378389613469832,0.151293107212665,0.101214025032498,0.355795118908213,0.0466423075441973,0.127433285134,0.120749434023324,0.0890494770787378,0.000791914811159302,0.0228352351622885,0.0815600450418821,0.0392565563414423,1.0968958674501,0.0474942719377787,0.0727253160192307,0.0577633289305788,0.281837771311382,0,0.0868030314299579,0.0135537723685018,0.0982026083072839
"Patient33",66.5812567859929,0.899071269375612,0.32491633038074,0.301464798328283,0.0800031804211253,0.0657063551103692,0.180563557048138,0.186042323842281,0.0468864030131971,0.142211405207596,0.125815929103347,0.0866646765039082,0.155148789625583,0.222819061855148,0.0160191552329037,0.159172006568971,0.216496674764512,0.0453906667950434,6.38118939111403,0.064297446019223,0.289033974521044,0.0267122518415409,2.02586367803777,0,0.011031894324059,0.033041958464674,0.318816051602421
"Patient34",0.633273160627012,0.942655504251777,0.601581506700853,0.0647136808522099,0.277210794077253,0.0300999381423671,0.326234704179185,0.126481727881503,0.0315646462873109,0.317954402477597,0.0397480111971745,0.0287673241772526,0.116862447830658,0.155853433255179,0.00758294211575598,0.227898765297799,0.153974092675486,0.0308874685648172,1.7650819912983,0.0174130318140995,0.124627650454403,0.0353371199389378,0.78577086413545,0.0250810849414263,0.0115211977704823,0.0163940039028589,0.0681185763787395
"Patient35",0.666491653129586,0.894765857267987,0.12281077031091,0.436111316115216,0.476991785813667,0.0249596477275159,0.335394413990673,0.111585801442406,0.0327953458614049,0.174404134338573,0.210612469710975,0.108458623661781,0.135048947979605,0.214078199531101,0.0391397459269254,0.129142272924089,0.0843108432007713,0,1.01780025264967,0.00504308186881432,0.0962377884450496,0.044053419773553,0.133002549945957,0,0.0744936562536364,0.0292202650716972,0.189952718206978
"Patient36",0.780381294982342,0.888909093378858,0.139341530915664,0.624450054630871,0.438629333190719,0.0212350363798197,0.408153240086672,0.346295180828957,0.0369319120036665,0.219499865936593,0.0112386115970073,0.0844332913027953,0.0969127848023151,0.153644511977877,0.00143493741297218,0.193072724467964,0.257229067599519,0.0427675760751981,0.616999763763558,0.020892618411103,0.0533168847014559,0.0630905554190881,0.167048223369833,0.0757632105062578,0.0599097446175863,0.09070083624686,0.0988139603725457
"Patient37",40.3159112665806,0.781496850964121,0.397364768109756,0.491537634612321,0.422840909841012,0.0795652875652679,0.290152223236662,0.307735153857949,0.0174253826963069,0.294924484309056,0.173654319627125,0.0530145795844681,0.108210147291207,0.28279704796001,0.0229536427176585,0.0810884721608147,0.144774393285915,0,3.71647934966225,0.00415671898014305,0,0,0.851064915145267,0.062102424068561,0.0244783825794742,0.0729798890380818,0.161285763003734
"Patient38",0.998490738626201,0.76142699174649,0.162808485214412,0.532400474942685,0.663200599823212,0.0272703415860731,0.381023151158813,0.236123615843834,0.0765314980761828,0.0208133138480619,0.110850616794149,0.0832502846433904,0.110150011787094,0.17127896662086,0.0337844285526259,0.0351606678311861,0.215304370260907,0.0277460565231566,1.38303273005286,0.0110682438244309,0.0338614373115717,0,0.07358650965631,0.0898215843908653,0.0996328255706035,0.0134573310531041,0.130003214052657
"Patient40",5.35086680298931,0.850258923546282,0.175125826411324,0.464644329638585,0.898552392325517,0.0138926715635727,0.388936431731197,0.121555447214675,0.154106901975605,0.0347525392343972,0.138571110651332,0.0719299466267301,0.111503248434043,0.0732222954719969,0.033796464934895,0.005074390643575,0.29087368497377,0.0441303744686375,0.515259231916286,8.83154049404367e-05,0.0567912452321388,0.00620257499383753,0.0913776743487579,0.00673731045595482,0.12225003094692,0.0487445977135319,0.0847705769444198
"Patient42",2.38794907907978,0.980561499531225,0.136806370869828,0.330062200843361,0.778465539232498,0.0118063790080296,0.364756330400577,0.127155688032145,0.0348427535829201,0.337269653425352,0.0461251726594093,0.209300266786578,0.109112893325318,0.188473832492528,0.0598977395605434,0.0134973623678453,0.0861218857905359,0,0.817877513805321,0.00938482724392392,0.0613643270299845,0.0418689214394017,0.201716300684423,0.00429999585699174,0.0592641874793056,0.103700460719103,0.210499445535505
"Patient44",11.8154715673987,0.514403882024801,0.125835548613955,0.182605457454567,0.499866094233371,0.0905293261960856,0.275736251099817,0.123416172727096,0.0361773221444185,0.250423313550442,0.0826631359668005,0.0884361629577966,0.177517499087465,0.218766319095291,0.0604391184049104,0.00245855369400014,0,0,2.4421261468097,0.0400777804877506,0.0235248017748716,0.0392335021354776,0.997499385630533,0.0852377140402651,0.0249192378872168,0.00634632977020362,0.321451107120389
"Patient45",8.25638178379556,0.890648600631034,0.137353192501528,0.281486516189276,0.709336500048627,0.00770196851824859,0.182789924936064,0.152109245824261,0.0156483914706254,0.112075347813801,0.492951105336568,0.128316493051445,0.343039269966789,0.334621681423151,0.0351576695332653,0.0502536562942953,0.230594742371088,0,3.18434700273739,0.0166495229223768,0,0.0034598140854594,0.365162964455667,0.0525563898703313,0.0105156068672941,0.0247601139020594,0.292218392406801
"Patient47",0.118878153548022,0.898769173135761,0.195062305930169,0.70062412029306,0.822699523502714,0.0126471939084889,0.403547885949885,0.0757457772523131,0.0142293295468678,0.118070688971314,0.0448474249413435,0.0330878100534555,0.0680566121353112,0.0931652364477026,0.0111285318289135,0.0046579103344564,0.0370991139073929,0.0470247291183403,0.41712687103255,0.0514621615953356,0.147980460369382,0.101013342939299,0.188492697358161,0,0.100817047490786,0.0334055891778114,0.0644661081438914
"Patient48",1.49167696796774,0.716182448647518,0.0851098840367945,0.333022658328489,0.645150954377487,0.01766453421398,0.407141390223839,0.00263189835859808,0.0614019719161943,0.232468103806965,0.18606616381842,0.0357612796388223,0.0685317329648008,0.0730024384301976,0.0370993408124785,0.0279096741098675,0.171871814832147,0.0180264327331272,0.447214707514366,0.00955652779555603,0.0347389313701088,0,0.0928130957955667,0.0509850979903476,0.155638501396391,0.115442786296559,0.109519417211613
"Patient4",1.08245130527809,0.909481651242414,0.170018082273801,0.665019603480802,0.679335030285458,0.0307999541320284,0.291122089537991,0.118553478723666,0.119682147025438,0.520233450080528,0.0518963575759747,0.0896797190163575,0.227672360658275,0.0820468137872859,0.0489244131118076,0.0348805572482384,0.183640415538498,0.031297691298378,1.17808752393349,0.00902735080186383,0.0623349085724749,0.020720756506583,0.533866495772799,0.0237485028072877,0.0175676374027386,0.0385673048006391,0.126640049678711
"Patient51",5.40903348869612,0.90850242647838,0.35402769948043,0.442807027394136,0.644034769048564,0.00266661708136317,0.19276659314193,0.0805566985821483,0.0933909365667058,0.104724986969132,0.0543494361292131,0.0310875999077752,0.240662592303593,0.190813059012275,0.100965300448674,0.106239206147883,0.222444650990335,0.00586054185444104,1.48106060675626,0.0231257171997093,0.154889543204665,0.0218471156489677,0.660102442392959,0,0.0175091887162619,0.0288664611549794,0.262936474480926
"Patient58",0.307831628499957,0.884474741091294,0.191084131624618,0.575966649907829,0.772781478728769,0.01251640802263,0.398544042936111,0.101455116106736,0,0.110248230057034,0.0352145614299549,0.0819465576114273,0.103252106063181,0.0613184984819909,0.0295511710240062,0.00544963759587955,0.09898082442082,0.0192051321049181,0.670473139678228,0.0110341512497087,0.19687319917521,0,0.489763046876705,0,0.0387856629617533,0,0.084579701886234
"Patient61",0.993191551250905,0.913462282009606,0.142761399657498,0.0633769766066844,0.528828409941117,0.0797632819748692,0.0785678142036592,0,0.120591617547726,0.00692399455690207,0.0345035613174444,0.0700672533394256,0.434532521764305,0.325779809977991,0.0127494369867489,0,0,0.0474982325245082,4.73381155494784,0.0431317034264676,0.160971094007076,0.0475055303435694,2.83742318874079,0,0.0564162747034634,0,0.404464948274805
"Patient62",4.3792234420591,0.949370275367309,0.466500382690844,0.42746040869136,0.795661430564461,0.00705568836837269,0.112827594545893,0.152897489431393,0.0223543547938033,0.027201297363829,0.0553159485922547,0.179081544987099,0.275125366905543,0.25933531413889,0.039284587101753,0.0369534431235049,0.219895662530975,0.00508360390974644,4.87630894595935,0.00666027304900209,0,0.0274749932006858,0.6224244090791,0.0625239109208301,0.000146415250900651,0.0376174850782392,0.286120038290545
"Patient63",0.259613983272825,0.80462400961604,0.0913569414941406,0.235445945359666,0.779019760990724,0.0215698503122068,0.4049299939825,0.0281428483261148,0.190100378224797,0.00281398971920012,0.159533945972475,0.0873031933245765,0.0782396896230922,0.078593774324149,0.0851326197701272,0.0273651610419383,0.208905161674355,0.0279001771503118,0.824315614682982,0.0122994301573373,0.0852836264021475,0,0.233116450641358,0.00489677575122258,0.247504543076064,0.0449068173799471,0.122946754563226
"Patient67",1.30218632157987,0.42598541064202,0.207316655917795,0.607427240247848,0.830177953568981,0.0107275261332806,0.450568478536879,0.169660907397129,0.0588973756014295,0.227350616149327,0.161558189632857,0.0825624076157793,0.0540556715342932,0.0591444374206541,0.000125382568242457,0.00958940340105515,0.062945319082174,0.0215644657384698,0.457423325696786,0.00776569476041033,0.163890660566038,0.00624112750070618,0.662510163611533,0,0.112536118634967,0.0229199036892501,0.0765016229931606
"Patient6",0.238205450436102,0.771409807290212,0.261170167652623,0.364557550417747,0.782378222565411,0.0324965595429418,0.377000426441204,0.185108247036355,0.0474963365216363,0.11365512689007,0.0604085085972358,0.143798639124356,0.141115534826797,0.0894593473374629,0.0205033820796665,0.0276873380562233,0.267813523707758,0.11820471458522,0.93872630681719,0,0.132810370672664,0,0.435238450162327,0.00866277393259231,0.0333791342318721,0.0891362378184803,0.134528603598348
"Patient72",0.620978543251148,0.767376684340117,0.123267370771014,0.550430514167131,0.495883633815147,0.0481624723139819,0.318570405474177,0.420168461991214,0.0770450835240843,0.418146940586749,0.130364332587428,0.0908988888116185,0.180650304228363,0.252022574549989,0.0323409526712308,0.0783862194550916,0.0945278897764086,0,1.24370197121505,0.0131612442381242,0.00479815827320818,0.00838510794656007,0.332318697030441,0.0630753235181664,0.0222062219356607,0.103740568573485,0.129328147803955
"Patient73",1.88359683571471,0.874629308522696,0.131969651469799,0.465404863561433,0.851263715740126,0.0287916223871634,0.326000538090995,0.170444061220602,0.0620961146801261,0.184475633148954,0.0640944392176669,0.0629413660174949,0.186477485289109,0.194020483966457,0.0443622063975226,0.0176379792964937,0.064971786073375,0.019189639982413,1.0693952987027,0.0286442318584575,0.0365713638594084,0.0118580811572133,0.243751604464293,0.0468641509128626,0.0338308013773231,0.0600669517685775,0.182982612703292
"Patient75",23.0432869595299,0.794586517559016,0.0942094622609063,0.180331571859968,0.755580239948864,0.00451941983857547,0.218032484407024,0.0316168575148511,0.0191686436521225,0.118066575083263,0.413513803483529,0.0250811812777689,0.22382361514217,0.245360557577075,0.0625350623669824,0.00658889090720676,0.021259096062475,0,2.28244152261648,0.00769107356657452,0,0.00364522066768782,0.258839863261097,0.174034364613044,0.0312104780819743,0.0253768081972613,0.289273677884237
"Patient77",2.07902491693981,0.883540927862085,0.10833879076586,0.287250470160304,0.577634558099326,0.0116625364222811,0.208502146295109,0.150309411160652,0.0675223862834102,0.0869233772081473,0.25936697639278,0,0.222645488195526,0.326639556255568,0.0456187026608645,0.0391581517115881,0.139106824848839,0,2.79085426822133,0.0233919089674989,0.0165396675738915,0,0.367877881547373,0.135745290217423,0.0306641498944447,0.00904072152734784,0.318429366885019
"Patient78",1.31799795308543,0.962012559626004,0.473582391609074,0.586440236810025,0.715948387336331,0.0146063956187175,0.201436375748205,0.218230133745836,0.0404543382453057,0.0449217725584927,0.117834483390039,0.176467347672494,0.210572912839196,0.393459012679047,0.0617593247479501,0.0215559910391974,0.103238099752957,0,4.4595635727429,0.0226319931912255,0.00868778259140251,0.0396532371791454,0.873492933774633,0.0495043150441238,0.005037681060293,0.0383095961346411,0.198071421734815
"Patient79",1.01101726457671,0.94367691156885,0.158246115462199,0.412098858905651,0.385673869102834,0.0294588779458421,0.184437815795846,0.0993700269964437,0.0532654376267622,0.0786055720613408,0.274580629412824,0.0275311857924285,0.245210079785013,0.378572874128506,0.0397435691033509,0.111199458810098,0.218986232677158,0,5.2852915288532,0.0398025737807754,0.0279626010401141,0.026586290515484,0.405841524995887,0.0153176220690285,0.00838412569349094,0.0508118390169704,0.315298064841938
"Patient7",2.39627616800561,0.882476187781359,0.0937505308061597,0.233400352760753,0.778114080335852,0.0138180231207827,0.343239174446824,0.149032748067611,0.0546277753238018,0.237438816525003,0.150421496069348,0.0250479191125467,0.135677959058471,0.104627241787737,0.028896180458501,0.0225670344059926,0.161285761976232,0.00802975597383651,1.34521241871384,0.0305227643574875,0.0630068790245714,0.00268434514099842,0.149631638845818,0.00264345149298982,0.0355228482163471,0.114057775770743,0.253361385217297
"Patient82",1.43212420692228,0.819007108205083,0.121420203516358,0.598870825440147,0.739745336701831,0.0147703287587665,0.371387309026572,0.209516810053544,0.0329481810401764,0.0667046532864314,0.00680763071762147,0.0928358451282366,0.135348349010813,0.140432524552466,0,0.015458893489328,0.075367305449649,0.1225049521953,0.512249643141762,0.0107046127945694,0.121806420994909,0.0869449585950248,1.3950071577826,0.0317660191295505,0.0951625282589277,0.0834760817338686,0.08051387996942
"Patient83",0.231804813472581,0.865874818999457,0.0937457536051452,0.662035033334088,0.725730909075879,0.0185230590879016,0.397925826354439,0,0.103715074337878,0.501483413888447,0.0287890376705396,0.0985232293445155,0.0833567777658175,0.129680015270541,0.00293411003747885,0.0417794903597077,0.10275936845565,0.0416585368826899,0.420625720486118,0.0306253150620062,0.055687617416589,0.106283881555321,0.138258742966754,0.020786403064783,0.0520203617332931,0.0827084884044518,0.0760447190027647
"Patient86",121.55053880926,0.559131831355357,0.23740743604704,0.349738012246169,0.16667315474301,0.118569288992989,0.239686319861921,0.190757849109636,0.0373564847084587,0.293357163618306,0.809835612418117,0.042455726798292,0.169136909376219,0.34506454427457,0.088443159763454,0.0525152229820959,0.0129239451060821,0,3.42554794843996,0.00971635872822662,0.0415933247879226,0,0.8567170213086,0,0.0330974370080079,0.0329441874939738,0.244740093080518
"Patient87",42.8346862203182,0.521109922681249,0.0950279962117601,0.125089610156457,0.604232438757187,0.182091135198996,0.351908190699727,0.329540935212631,0.10070584602813,0.420634638187552,0.164086541622329,0.0403299452968658,0.100053667146857,0.129958075921582,0.032291510261676,0.025454948157255,0.0945862669075874,0,1.88998748958489,0.0126130611093107,0.0211857796208898,0.0802110658859869,0.578504078652687,0.00156777896943168,0.0142248232262447,0.00791338181572805,0.247162450386161
"Patient8",1.01402354798631,0.769938826679838,0.118305617003822,0.632045674303953,0.583655896435826,0.0314221399175117,0.340252529879135,0.27445537842175,0.0948766893668425,0.308616492946965,0.0614012599771749,0.0806067688139658,0.164898468727174,0.096134995653737,0.0248629098399733,0.0828815239036282,0.244197117285089,0.0214854677255628,1.03342848311081,0.0454508245751081,0.0207980977317466,0.0483800531129354,0.2003073840402,0.0989991606233092,0.0435956648558139,0.0800303057954372,0.0899974043930692
"Patient94",1.67852039968551,0.803402112585524,0.13148176974766,0.327705691546275,0.864810600201971,0.0402403921708191,0.332398540349321,0.0607823080797701,0.203724549232209,0.00127598193129546,0.152702675435673,0.136311881731616,0.133734397181847,0.179077669464389,0.114836181228606,0.0104620437007407,0.101592666713402,0.0596600455172917,1.63906640254454,0.0196679401398297,0.101580295746157,0.0103743497563574,0.593427341299147,0.0234381033540711,0.0475476969740133,0.0523440171688856,0.203687245939861
"Patient96",0.392556246427976,0.87553450068407,0.0913908679669568,0.529838525961857,0.570663907550099,0.0157122765617824,0.335694738232691,0.122773904397173,0,0.197181588315382,0.0117674704467003,0.120044834124943,0.192988607368054,0.163934789264475,0,0.0789461147917163,0.228999074947962,0.0967728814017152,0.547842775620148,0.12144849124686,0.0389857116419727,0.0830111019525112,0.0496872666304667,0.109578878068694,0.0311107997094587,0.061691383743745,0.149147357198618
"Patient98",14.34469865718,0.871204978401321,0.126006826943572,0.341586595060732,0.554280869885198,0.0146408501939917,0.20944997070357,0.345160807572357,0.0897912890845411,0.23073582035188,0.233904636885777,0.0363398652307492,0.199575293930109,0.29382551293174,0.110871946104503,0.100457180996142,0.220810041736659,0,2.64139767082442,0.019462426686289,0.00760081150287742,0.00419475711396953,0.700302483510535,0.0102519264905573,0.0475080140219735,0.0598194040606273,0.316753772047067
"Patient99",8.88449464227323,0.929363187656427,0.136175433366914,0.228712283229509,0.642479225507816,0.0122165719494362,0.139108281074099,0.0968875717670765,0.0252735725009203,0.0854190213872016,0.0821602805577296,0.222856062849076,0.336575738046275,0.212990035212961,0.00445557003609521,0.0967435417106292,0.324686850340947,0.0073851119496099,6.79228768703338,0.0153432176989747,0.0679565034953177,0.0340009764468163,0.717291053691851,0,0.0426125135339717,0.0228530316049789,0.30734129143968
"Patient9",2.84598503291895,0.938432776042456,0.14985988103105,0.637956416989452,0.701590093763579,0.0033647540616128,0.387799389801982,0.150417224167214,0.063375365824159,0.458798269139804,0.0338514559915272,0.0350246768892086,0.0905839481706328,0.104157431681087,0.0102750910493672,0.0198895960041298,0.0726864190445046,0.0355320040717004,0.860402542089211,0.0226458456076774,0.0340788044957775,0.0159867440782122,0.236328512177888,0.102345630843324,0.052045472215297,0.0732452014881565,0.0791473979416405
"Patient56",0.726730253250031,0.610611813659775,0.265243091850102,0.287925731466776,0.438103468599368,0.0408487648523121,0.213603028971396,0.168304081962271,0.0435701829415976,0.162151976920549,0.0745817356713365,0.0497883293674606,0.260241470525739,0.156857239680518,0.00875451219012312,0.126772648315155,0.155251510958666,0.204011464771451,2.81683208365792,0.0521994564262438,0.243378693674827,0.0227000870141294,2.97885377277884,0,0.00866549211128801,0.0522714735478914,0.138716211499234
"Patient191",1.53608462975768,0.96860188515854,0.173345621883745,0.157723523687354,0.772519811034586,0.00602702351955823,0.195026883944084,0.180346261692787,0.0505660997724198,0.181900266369092,0.0306956843947124,0.086358625616821,0.280385120691262,0.235977500200816,0.0533213797511408,0.0360333977063889,0.210993529133347,0.00739748563912481,3.68760603397667,0.033227392026678,0.0093217374311899,0.0464358236332301,0.50552592927406,0.0017985105304449,0.0672051807108402,0.0513042695696472,0.345367613934162
"Patient189",0.114772138916921,0.869340340678456,0.288407976572385,0.153236501653551,0.213555636571138,0.0318994962842681,0.286373524225513,0.366837817735111,0.0164868950466048,0.0411315399594645,0.0883566217882389,0.0115435726720952,0.150983797758262,0.084772597553809,0.0262682794975097,0.0886141824688325,0.0382935947038305,0.0203344333753136,2.18200873333535,0.0125558541172537,0.582202514151858,0.00341941715038092,1.82361502038255,0,0.00877697780699635,0.0179639822478356,0.0983605772217142
"Patient200",1.7708744695337,0.906609933835259,0.0850193806515393,0.338778359169599,0.610432027872043,0.0154009203976014,0.264202472710442,0.0234342207866617,0.0361198817763515,0.00024925648204416,0.461718733160413,0.0716145577942276,0.17302331528278,0.275005274991922,0.0150425837284342,0.0791914422197663,0.208792912692644,0.00149849466276654,3.27207062167728,0.0147488938876881,0,0,0.28246342400635,0.268265940353195,0.00957616132962986,0.0736013497643069,0.272189978211158
"Patient201",0.14715320191292,0.894398822481442,0.308464463022999,0.714912199274054,0.78551819846209,0.000589336846558713,0.30455084261795,0.142992061153335,0,0.0166112152931615,0.0224672835184279,0.118491974211501,0.218997596801819,0.101939984991158,0.0021828498148294,0.0188074982405429,0.145174566393317,0.0686886206563381,0.583907495365598,0.0354811863611196,0.0669134150546436,0.0956527392042153,0.168255389336392,0.335441154733813,0.0193741440780006,0.220152135730454,0.0392770119985549
"Patient203",2.87935664475851,0.872305142732221,0.267080189373365,0.441206648422719,0.63951648844999,0.0119386745947502,0.295417817151213,0.316490344660468,0.0600974837374056,0.0294674848749052,0.0996421080763725,0.0105468363556496,0.13929284694343,0.168468992262656,0.0291369399735465,0.0358700389644274,0.135539175817489,0.0486205653823601,2.08468849440835,0.0570143308667333,0.219893177988691,0.0173339334183449,0.925675071601012,0,0.00640010233314977,0.034299568715727,0.128887459748171
"Patient193",0.7971724270158,0.937597899051943,0.138842749592409,0.338842201866641,0.441019316569742,0.0812639335438427,0.290668261324053,0.174312513418463,0.02719169270994,0.0420533269425791,0.121976325606212,0.0187402757053632,0.141557561859609,0.337811665884482,0.122936321544716,0.0928573163170539,0.101990261843802,0,1.69009609858879,0.0269209192946944,0.0391095436968271,0.034030396804592,0.637047179581259,0.0955142644113063,0.0219029343619292,0.028630269316059,0.20181511128292
"Patient195",11.8769050718145,0.704581067412589,0.15705755553605,0.506838935195272,0.732732711187362,0.0465168568644867,0.278834278894623,0.260331594785555,0.0851953575653609,0.464866085118528,0.111401241477961,0.0661842272062434,0.225881690216195,0.113151168970019,0.00275443511758662,0.0173202332148282,0.077753106090211,0,1.11423253017422,0.0104723299406576,0.0119930163890919,0.0532191009684491,0.4724589104331,0.0128945492206201,0.0321853975837049,0.0700144736573904,0.090213038008389
"Patient196",2.76666428878851,0.807570916468971,0.0800713334007167,0.397377109544369,0.793432643520424,0.00291808281337518,0.303981429837551,0.0157941373461924,0.0552120481050876,0.317323458735154,0.00456167340324717,0.238910472201089,0.206476912407467,0.101582268971457,0.000508114643656817,0.0113842248367919,0.0995835297931806,0.0975832420455423,1.52115368086197,0.00367012484468115,0.0145595795370719,0.067201973483018,0.0739707551538433,0.108632296697495,0.176552647806837,0.0937118306714442,0.087888408551847
"Patient197",0.107099759800174,0.531444499830417,0.0970619098631411,0.359924101134639,0.911043241425917,0.0116500256481509,0.328909019827109,0.10932775375891,0.0682294384213962,0.0906469366692454,0.00398087253822817,0.265754032203157,0.214155054311783,0.0515366098861786,0.000780598768794655,0.00760268781048802,0.105219306142472,0.279224781940915,0.426390019428953,0.0238051275037956,0.03632633905569,0.0906717966576717,0.0286823650987,0.303700243781395,0.232820530037157,0.131070291554077,0.054400703202677
"Patient204",0.395457474211375,0.711818470240386,0.175730552404199,0.328032395647619,0.726394421082445,0.0296237328960803,0.321149395136925,0.216148694587057,0.0470678459052981,0.0542340622105748,0.0684812166865428,0.0643000915714821,0.147448581566456,0.159428922544529,0.097310257148873,0.0083669049990933,0.126031281253801,0.203686377597841,1.27622579693244,0.0975035155447965,0.173168722983211,0.0802638434754348,0.664726624624513,0.000562919343517682,0.0683481057327762,0.0151168264804045,0.1430466313458
"Patient205",0.233223903780944,0.933230876669852,0.255557490310882,0.459025677229543,0.683820413888526,0.0127154420903113,0.182329366258837,0.0834249224630667,0.0898806928521025,0.0354386425514405,0.0602026216174508,0.0148386943797456,0.305267504389931,0.207166413586065,0.00474673629754729,0.132995716339,0.353490105090178,0.0283532326164292,2.79091169989476,0.0445444664387149,0.124272905167027,0.0314793389292775,0.15617170096861,0,0.027098822615621,0.0211428659971128,0.230903499931197
"Patient206",2.70427276146792,0.931270528090606,0.522865338501528,0.63413562962819,0.611397911035537,0.0356023341160963,0.263830554587601,0.339736604522206,0.0211678471954498,0.0416497105022182,0.128165237856727,0,0.123243888274839,0.237202293985675,0.0441816799580698,0.132058318900121,0.219731895119937,0,3.54196884805953,0.0963833411834275,0.111469962560873,0.0838799102556444,1.04593050050308,0,0.0100710958196994,0.0759120368001697,0.13227951422626
