"","Quantiseq_B_cell","Epidish_BPRNACan_B","DeconRNASeq_BPRNACan_B","Epidish_BPRNACan3DProMet_B","DeconRNASeq_BPRNACan3DProMet_B","Epidish_BPRNACanProMet_B","DeconRNASeq_BPRNACanProMet_B","Epidish_CBSX_Fig2ab.NSCLC_PBMCs_scRNAseq_sigmatrix_B.cells","DeconRNASeq_CBSX_Fig2ab.NSCLC_PBMCs_scRNAseq_sigmatrix_B.cells","Epidish_CBSX_scRNA.Seq_melanoma_Tirosh_sigmatrix_SuppFig_3.b_B.cells","DeconRNASeq_CBSX_scRNA.Seq_melanoma_Tirosh_sigmatrix_SuppFig_3.b_B.cells","DeconRNASeq_CBSX_sigmatrix_HNSCC_Fig2cd_B.cells","Epidish_CCLE_TIL10_B.cells","DeconRNASeq_CCLE_TIL10_B.cells","Epidish_CD226_B","DeconRNASeq_CD226_B","Epidish_Fig2ab.NSCLC_PBMCs_scRNAseq_sigmatrix_B.cells","DeconRNASeq_Fig2ab.NSCLC_PBMCs_scRNAseq_sigmatrix_B.cells","Epidish_scRNA.Seq_melanoma_Tirosh_sigmatrix_SuppFig_3.b_B.cells","DeconRNASeq_scRNA.Seq_melanoma_Tirosh_sigmatrix_SuppFig_3.b_B.cells","DeconRNASeq_TIL10_B.cells","CBSX__NSCLC.scRNAseq__B_cells","CBSX__scRNA.melanoma__B_cells","CBSX__TIL10__B.cells","CBSX__CD226__B"
"LP.01.01",0.0415440405534852,0.0216474353181828,0.10121317775158,0.0193715585871784,0.0925168185313351,0.0385617174367865,0.0837966400781248,0.935373960014866,0.741811659636804,0.0253284996567818,0.165760609797418,0.0969148585776259,-0.00885290546171586,0.0880918937876411,0.137636451428672,0.416431915551236,0.935373960014866,0.741811659636804,0.0253284996567818,0.165760609797418,0.116490543860669,0.940173488946591,0.018004817338267,-0.0124925573648244,0.187982485674275
"LP.01.02",0.0442677515784561,0.0137721316494174,0.0936537042009612,0.0123968002014399,0.0832614976871953,0.0182720372773438,0.0716159450382064,0.940151655823693,0.546153206410992,0.0190596698090743,0.0914210116851112,0.0948088131956876,0.00395554326379164,0.0843956419099087,0.244166142211206,0.390038811798537,0.940151655823693,0.546153206410992,0.0190596698090743,0.0914210116851112,0.10559125596959,0.891238004251463,0.0101255516430295,0.00412694948292674,0.208244109266834
"LP.01.03",0.0414470568413363,0.036755275612664,0.109773123691502,0.0328094912733931,0.100682431931277,0.0373752363051642,0.0963670623847693,0.987255434864083,0.627789761023388,0.0228905711807367,0.119840289226058,0.0886146372834793,0.00395554326379164,0.0860480371456327,0.195801036340176,0.403409982090476,0.987255434864083,0.627789761023388,0.0228905711807367,0.119840289226058,0.105794899065781,0.883149036507984,0.0140939856956073,0.00412694948292674,0.189754445297381
"LP.01.04",0.02698615059682,0.0169877207796211,0.0971322585608643,0.0144388129333537,0.0864272647427206,0.0225601721558356,0.0854054081668002,0.92981545368261,0.3133786547437,0.0104769281250666,0.0669250724378253,0.126745052796505,-0.00885290546171586,0.0533997920111473,0.234618562204751,0.191492212072386,0.92981545368261,0.3133786547437,0.0104769281250666,0.0669250724378253,0.101584030844652,0.840477717733004,0.00168251740845235,-0.0124925573648244,0.188194732849626
"LP.01.08",0.0674557051442424,0.027040626549713,0.102134672066262,0.0237552504018532,0.0899803485196607,0.0326032422633643,0.0889431955881196,0.960716261453892,0.548160153178963,0.0571992178297025,0.106291490100574,0.122364203394963,0.0156158758296393,0.10217499269401,0.220653304266291,0.300525413505626,0.960716261453892,0.548160153178963,0.0571992178297025,0.106291490100574,0.136017417574647,0.88384655761235,0.0488915445163874,-0.0124925573648244,0.185512061805165
"LP.01.10",0.0406720755046737,0.0133377100609772,0.0777432556334934,0.0106082669279125,0.0668609312619863,0.0147601633286628,0.0556230066160451,0.943704955487499,0.569792374772088,0.00690086459147319,0.0867882894945771,0.10988306083851,-0.00885290546171586,0.0581261650267534,0.0625947253126698,0.243250882127715,0.943704955487499,0.569792374772088,0.00690086459147319,0.0867882894945771,0.0856928983239859,0.833227207085461,-0.000813548955614798,-0.0124925573648244,0.177169126265051
"LP.01.12",0.0391221311300904,0.0102575407373272,0.0961203593462847,0.00703327361272055,0.0864276893083412,0.0103055598547174,0.0742483819493508,0.947318710940167,0.644931930012951,0.0198546707766825,0.090025064371676,0.102345082463256,0.00395554326379164,0.0708412955630857,0.0835035551028381,0.274411823513411,0.947318710940167,0.644931930012951,0.0198546707766825,0.090025064371676,0.0762223458765498,0.876291507312419,0.0128841671134137,0.00412694948292674,0.155444948146533
"LP.01.14",0.11076181022858,0.0617537435323564,0.0941929134669156,0.0645336673157488,0.0842587855919788,0.0718203124878125,0.0729693864957913,0.920220511322615,0.558631023506129,0.0764654491084166,0.0796083470088751,0.117650312328019,0.0627797153786375,0.0751788802392335,0.171528574328973,0.202688018594699,0.920220511322615,0.558631023506129,0.0764654491084166,0.0796083470088751,0.109535234813174,0.78472236588324,0.0995959061419331,0.0875596104698146,0.18309451651736
"LP.01.15",0.0446443727896884,0.0173049334078721,0.0813010210831853,0.0121511919697113,0.0675770149160703,0.0156810641614795,0.074341658294664,0.696841274997404,0.396370589836735,0.00915575035163872,0.0674376818888303,0.0965377124506409,-0.00885290546171586,0.0767429286407711,0.386763951429102,0.283004497165317,0.696841274997404,0.396370589836735,0.00915575035163872,0.0674376818888303,0.115713712647363,0.723043266468002,0.00944108464560661,-0.0124925573648244,0.184934437270661
"LP.01.16",0.0814719811180705,0.036943506971126,0.0832758821094941,0.0316187092246423,0.0722979828534216,0.0381128342888118,0.0678989132310282,0.902876515426992,0.592284503895542,0.0307759331376919,0.0860792205193553,0.105959470734603,0.00395554326379164,0.0701400382649205,0.219645677847064,0.385929991827059,0.902876515426992,0.592284503895542,0.0307759331376919,0.0860792205193553,0.11129260511496,0.806283744366452,0.0252856544753214,0.00412694948292674,0.161898940125851
"LP.01.17",0.0950302433034685,0.0629066759763863,0.0823080401655169,0.0626254531618018,0.0719456667140566,0.0809569653566398,0.0647692934952644,0.880272231487521,0.484402808512254,0.0341309457827034,0.100685995000463,0.114421908262166,0.0311050148810973,0.13348110221716,0.205692914768282,0.221660082095772,0.880272231487521,0.484402808512254,0.0341309457827034,0.100685995000463,0.160026380494471,0.75439533504939,0.0439270838952811,0.00412694948292674,0.213257516989808
"LP.01.18",0.0298172930600765,0.0140346183737425,0.0772111280022866,0.0106254813095335,0.0640955907121919,0.0170944276238883,0.0672450157374927,0.978548205780728,0.682280445891689,0.0138451289673101,0.0745332111210553,0.0954468847130858,0.00395554326379164,0.0369047755814026,0.259542556400909,0.376437340157593,0.978548205780728,0.682280445891689,0.0138451289673101,0.0745332111210553,0.0760078649399072,0.922350702171443,0.0101255516430295,0.00412694948292674,0.218685990676478
"LP.01.19",0.0432388741600157,0.0219261957656248,0.0881320333209839,0.0182578558804704,0.0773516613458344,0.0310208087634356,0.0767414160881262,0.954926485489759,0.589917549671804,0.0199317428383145,0.106623920568349,0.0971453345786383,0.00395554326379164,0.054559661720133,0.145698277299675,0.363755813937827,0.954926485489759,0.589917549671804,0.0199317428383145,0.106623920568349,0.0759045473543882,0.838230050459707,0.0101255516430295,0.00412694948292674,0.149765855122496
"LP.01.20",0.0574394653910418,0.0385413545249411,0.0857490821542091,0.0344837424236098,0.0743176021212502,0.0523825430417578,0.0723833334494116,0.910053398164917,0.444050168031743,0.061782537200603,0.104595234643589,0.124055182731154,0.00528824602446586,0.104163762005358,0.324000942785979,0.232471589169522,0.910053398164917,0.444050168031743,0.061782537200603,0.104595234643589,0.132763831227468,0.85266202580384,0.0622133671839845,0.00412694948292674,0.188293993581643
"LP.01.22",0.0214507394732756,0.00949202940215834,0.121058477882058,0.0067286312546605,0.108381387885715,0.0139013114446827,0.111718029713931,0.900299405971051,0.391740063421095,0.0108599337559991,0.102221239181028,0.131790168182314,0.00395554326379164,0.0679489720687386,0.373774925311246,0.249105551756738,0.900299405971051,0.391740063421095,0.0108599337559991,0.102221239181028,0.11172965098288,0.860891555121384,0.0101255516430295,0.00412694948292674,0.21911141132659
"LP.01.23",0.0398675921088929,0.0162506396144734,0.0850274548421947,0.0121973207385973,0.0740046766697601,0.0205045390757337,0.0687687699868361,0.952182302815343,0.648633103886743,0.0174817467757243,0.0885987759780525,0.103547656552935,0.00395554326379164,0.0567962131278936,0.194405744333405,0.39446332284541,0.952182302815343,0.648633103886743,0.0174817467757243,0.0885987759780525,0.083561811230053,0.899863701326372,0.0101255516430295,0.00412694948292674,0.183493789061136
"LP.01.24",0.0951003493112459,0.070238333470545,0.0958680155462656,0.0665054535873935,0.0843079689651847,0.0727541852266978,0.0750755779867775,0.96003784545285,0.579147894631027,0.0229862537004837,0.088045162619525,0.0896739235462932,0.0413630300268195,0.12136073860394,0.186449918545883,0.245610330085536,0.96003784545285,0.579147894631027,0.0229862537004837,0.088045162619525,0.135749048612836,0.862413271850578,0.0250214026248842,0.00412694948292674,0.153165734900702
"LP.01.25",0.0531053103826719,0.0225805600737906,0.081388264553204,0.0190479119994217,0.0692616214529275,0.0225022418799306,0.0591849629906412,0.972603812658628,0.620854325644158,0.0789946840169637,0.0961101371561524,0.104220047156764,0.00395554326379164,0.0674099619941487,0.284652811866285,0.39819142364306,0.972603812658628,0.620854325644158,0.0789946840169637,0.0961101371561524,0.0942879046352487,0.881146010289695,0.0858942292746278,0.00412694948292674,0.210334851313313
"LP.01.28",0.0827789973451756,0.0208269843988895,0.0906116244821485,0.0195882262898033,0.0799891020658091,0.0238522451059658,0.0688966028492798,0.974704107673498,0.48231919804482,0.0266704132097173,0.0740979609478098,0.096328013576287,0.00942486924503261,0.125847402820348,0.22566984831118,0.222819920207913,0.974704107673498,0.48231919804482,0.0266704132097173,0.0740979609478098,0.141428476010484,0.845224969049411,0.0149841312320839,0.00412694948292674,0.17573424924496
"LP.01.29",0.0392966263821821,0.0182471826814859,0.0894312939002414,0.0168922783170071,0.0792715814949829,0.0326020155711833,0.101271453740098,0.831243124676018,0.516629035622168,0.0243456624486387,0.105152327693041,0.112638791867053,0.00395554326379164,0.0506520252258629,0.157652900624053,0.237567528071046,0.831243124676018,0.516629035622168,0.0243456624486387,0.105152327693041,0.0983358538246301,0.678956660224534,0.0172968327983393,0.00412694948292674,0.167447497536881
"LP.01.31",0.0389613818315881,0.0162146113178902,0.0981274647627236,0.0102536386311309,0.0875329210357189,0.0216526751334166,0.0798999778383189,0.847061683704234,0.436818433172426,0.0108599337559991,0.0820375844098421,0.118428731935653,0.00395554326379164,0.0759538118403042,0.359289043545047,0.28287560002985,0.847061683704234,0.436818433172426,0.0108599337559991,0.0820375844098421,0.109561748963911,0.895313373180788,0.0101255516430295,0.00412694948292674,0.198917735336044
"LP.01.32",0.0431588986380355,0.0200049330945887,0.0985456699135416,0.0154793271543423,0.0852606043030762,0.0223494634583236,0.0871156790236743,0.894380857689905,0.454030286419232,0.045155877459743,0.102854715832888,0.115568746444994,0.00395554326379164,0.055733621241393,0.403473388213517,0.321584177224893,0.894380857689905,0.454030286419232,0.045155877459743,0.102854715832888,0.0962055370874943,0.890062331326607,0.0517507427602285,0.00412694948292674,0.211355121892211
"LP.01.34",0.066949617808187,0.0296601378807853,0.0802263373255609,0.0267335067391627,0.0688680772667932,0.0334971194459526,0.0601206969057556,0.922448853119018,0.508002893856179,0.05042383502917,0.0887441059041221,0.120004164380452,0.00395554326379164,0.0575399607732995,0.0978032149347808,0.215171713593789,0.922448853119018,0.508002893856179,0.05042383502917,0.0887441059041221,0.0981760457245911,0.886582458726478,0.0310304623311123,0.00412694948292674,0.15712765777626
"LP.01.35",0.0793814621147714,0.0410715861430889,0.0776633812370355,0.0402836246002429,0.06619583545319,0.0465726144313752,0.0565942607773018,0.917686370504829,0.60727957468748,0.0481213550400443,0.0879301864041953,0.109233314212202,0.00395554326379164,0.0923658888908915,0.105151867776998,0.34029399230627,0.917686370504829,0.60727957468748,0.0481213550400443,0.0879301864041953,0.10555639327915,0.830838093280227,0.0486685919551967,0.00412694948292674,0.143094547574175
"LP.01.37",0.0353450752598877,0.00914847829684254,0.0969112732994267,0.00680047460009467,0.0848380328186455,0.0200996433094429,0.0806936353426045,0.651478991904555,0.44576136171286,0.0183099643693073,0.0956423143816387,0.119334659841938,0.00395554326379164,0.0544261160713628,0.139281496544792,0.192138440910907,0.651478991904555,0.44576136171286,0.0183099643693073,0.0956423143816387,0.0955164180350964,0.62816113596959,0.0229737824736392,0.00412694948292674,0.168189139180836
"LP.01.38",0.0668871856808641,0.00835927995289474,0.109496164074812,0.00551061701059885,0.0981788229531743,0.0164382553901566,0.107412918430936,0.848338870361052,0.400295402950655,0.0108599337559991,0.0987132360815649,0.133051492762605,0.00395554326379164,0.064631007098287,0.231342115667642,0.119156746459469,0.848338870361052,0.400295402950655,0.0108599337559991,0.0987132360815649,0.146704693476704,0.815553492607229,0.0101255516430295,0.00412694948292674,0.194452962208904
"LP.01.40",0.0190315643402648,0.0104444217640822,0.0991979628727437,0.00531292868781577,0.0888861291275453,0.00823075403047357,0.0792302454939768,0.858866350540437,0.485274964551793,0.0135909535099566,0.0987827987580145,0.125944107328353,0.00395554326379164,0.0311359159845087,0.135441494334501,0.0655540971825114,0.858866350540437,0.485274964551793,0.0135909535099566,0.0987827987580145,0.0757504427291889,0.842338143003273,0.0213008813294843,0.00412694948292674,0.190243328565497
"LP.01.42",0.0787810334564253,0.0600183839724959,0.0937385274037545,0.0627587905293883,0.0837544824259427,0.0719534729181312,0.0779209475294448,0.836000716345985,0.429175979743162,0.024868025912386,0.0976201757437622,0.126233015671785,0.00395554326379164,0.0790002618900974,0.0377220336786181,0.160597552845853,0.836000716345985,0.429175979743162,0.024868025912386,0.0976201757437622,0.136285362906914,0.782385458291598,0.0101255516430295,0.0055233109334785,0.182444633088945
"LP.01.43",0.0828453921070474,0.0474488680539391,0.0718422351563616,0.0560666870719417,0.0611504665765239,0.0668539073891428,0.0542431382527743,0.944564983985551,0.569367361282819,0.0702567371898415,0.101719655832201,0.11465754654532,0.0128078468859745,0.0893075105952222,0.0991867428144393,0.374618220115338,0.944564983985551,0.569367361282819,0.0702567371898415,0.101719655832201,0.123124850805911,0.898453231428864,0.0768558964297315,0.00412694948292674,0.190748750993485
"LP.01.44",0.0554216774545678,0.00622801689574579,0.0851409022740384,0.00431000871896538,0.0746102750584938,0.0129095246844205,0.063302973341422,0.868410761521084,0.441180012238232,0.01676576149048,0.0928811277774579,0.125374174692681,0.00395554326379164,0.0649187319856916,0.0669816855247184,0.178797134113475,0.868410761521084,0.441180012238232,0.01676576149048,0.0928811277774579,0.104191297016386,0.836068955651819,0.0189666981154165,0.00412694948292674,0.181183395712976
"LP.01.45",0.0534029447952341,0.0172622935780853,0.116657008158909,0.0192578842141471,0.106882739955248,0.0244167516346352,0.0984444985873487,0.762756727093479,0.405614966661522,0.0602056858159274,0.111759092863464,0.12323746628306,0.00395554326379164,0.0949152637118933,0.281151202593672,0.175809393255159,0.762756727093479,0.405614966661522,0.0602056858159274,0.111759092863464,0.171205059904113,0.697357601618215,0.0825240150633773,0.00412694948292674,0.199640063338986
"LP.01.46",0.0521338560913409,0.0330378843910022,0.102839523276579,0.0262197642694577,0.0898917809201591,0.0340424696709381,0.0864135649530004,1.06693003537792,0.689249336909682,0.0261502414315126,0.127462763289961,0.0967144299062613,0.00398471538060311,0.0782250377526895,0.472181877027044,0.535717155459388,1.06693003537792,0.689249336909682,0.0261502414315126,0.127462763289961,0.0999365200876322,0.970156954818614,0.0122373556934319,0.00418280394094881,0.226859941329216
"LP.01.47",0.0469323211450466,0.0135489561602697,0.0818349377768131,0.00789246660584721,0.0707127552626646,0.0129815919324518,0.0676315183121877,1.04747686207237,0.601691483941167,0.0174151832355998,0.0838916540254148,0.099798387413916,0.00398471538060311,0.0704856152198715,0.171333033693428,0.316261725705925,1.04747686207237,0.601691483941167,0.0174151832355998,0.0838916540254148,0.0828274431178529,0.918459412367812,0.0122373556934319,0.00418280394094881,0.200134798210967
"LP.01.48",0.0159928822790244,0.00677796635851085,0.0987688367833957,0.00420733811887182,0.0886789745077954,0.0130909100578834,0.0886359629047595,0.986709008155751,0.430488081568831,0.013094397498894,0.0947233540039474,0.124257824492222,0.00398471538060311,0.0352892001347319,0.317826529647326,0.284348668882654,0.986709008155751,0.430488081568831,0.013094397498894,0.0947233540039474,0.0987486065544557,0.8642345372073,0.0122373556934319,0.00418280394094881,0.176670763616791
"LP.01.52",0.0456533417379685,0.0120635042357161,0.0920135071945453,0.00860728816176046,0.0822676038897649,0.025250425328674,0.0748371764460506,1.04782876772524,0.681117245797097,0.0147138766029812,0.0679324154468054,0.110571521731073,0.00398471538060311,0.0774267064971471,0.0738471042813999,0.374677045173872,1.04782876772524,0.681117245797097,0.0147138766029812,0.0679324154468054,0.0937148380163172,0.964977669064171,0.0122373556934319,0.00418280394094881,0.132093145533036
"LP.01.53",0.0449872375667385,0.0103329684978624,0.0902405328904224,0.00835178833053642,0.0805108391968122,0.0133204999469946,0.0709535011601764,0.800004982073353,0.422878530388912,0.0172558244667511,0.0996723823706642,0.119945044345332,0.00398471538060311,0.0703036873886569,0.147257035583466,0.153710862634372,0.800004982073353,0.422878530388912,0.0172558244667511,0.0996723823706642,0.121837047325169,0.712012127271267,0.0128910899904371,0.00418280394094881,0.190542029664609
"LP.01.56A",0.0418722391364376,0.0106160993778553,0.0840992096507295,0.00847449531851419,0.0737003612018711,0.0141022788954024,0.0644730562600894,1.04458847231801,0.651548687974172,0.0182930023159237,0.0921534021092582,0.108445040313526,0.00398471538060311,0.0266222356021271,0.140146910133834,0.266725989066842,1.04458847231801,0.651548687974172,0.0182930023159237,0.0921534021092582,0.0563037845406664,0.935368048984621,0.0122373556934319,0.00418280394094881,0.170662263084863
"LP.01.57",0.091814165354639,0.0451567759397119,0.085671969396026,0.0495298915992835,0.0751060513702324,0.057665184876621,0.0690164839512459,1.05778292146678,0.665563030778557,0.0511488052895418,0.10187804042534,0.100858099619894,0.0131489845004134,0.120861519566511,0.165650101064256,0.390909368479734,1.05778292146678,0.665563030778557,0.0511488052895418,0.10187804042534,0.135421028096012,1.01090570727913,0.0505107138788974,0.00418280394094881,0.169498685414744
"LP.01.58",0.0758735790968941,0.0370404434836512,0.108968579138307,0.0390177220823632,0.0991766217899246,0.0474538181608538,0.0877130294474801,1.0522886653242,0.543894354010461,0.0959181453395849,0.107101525172727,0.128296647010457,0.00398471538060311,0.0929507977456054,0.211016179837297,0.267777722733406,1.0522886653242,0.543894354010461,0.0959181453395849,0.107101525172727,0.129202232786428,1.03303289163836,0.120346509558864,0.00418280394094881,0.206633735016159
"LP.01.59",0.0374435201603921,0.00378549263374426,0.0780912014434829,0.00396458677378756,0.0658302988089696,0.00575694215249011,0.0595357101730552,0.303314623323436,0.337876010255504,0.013094397498894,0.0656025250812779,0.117847454940687,0.00398471538060311,0.0534542107519069,0.165897771810562,0.145936616117806,0.303314623323436,0.337876010255504,0.013094397498894,0.0656025250812779,0.0915502666155183,0.299878589192542,0.0122373556934319,0.00418280394094881,0.175783159423976
"LP.01.60",0.036918145139458,0.0115733318099132,0.11037502141837,0.00974614392842506,0.099513726697688,0.019709050479558,0.0988244177578295,0.623980965010043,0.355165576287423,0.013094397498894,0.0729990542627407,0.119696311222378,0.00398471538060311,0.0770823065523273,0.2511660601377,0.129698802960628,0.623980965010043,0.355165576287423,0.013094397498894,0.0729990542627407,0.142808069788668,0.534305973886404,0.0122373556934319,0.00418280394094881,0.204059263088682
"LP.01.61",0.0536344142802731,0.027587954117636,0.107812567873446,0.0260581374941332,0.0969964240159754,0.0359678770321772,0.103797696115793,0.968022918066133,0.497354767169391,0.0212663905433814,0.0999362342872151,0.115893499138231,0.00398471538060311,0.0722650706201819,0.144936137473908,0.200903391327382,0.968022918066133,0.497354767169391,0.0212663905433814,0.0999362342872151,0.117875433712179,0.952520195583751,0.0122373556934319,0.00418280394094881,0.157522492688911
"LP.01.62",0.0887573239475246,0.0440489149079166,0.0862928750821693,0.0434812524251151,0.0758526426370896,0.0599112093096346,0.0646570459717981,1.04833461319958,0.489328159986721,0.0480523529800437,0.10576458595105,0.122076299883677,0.00957989129328768,0.11395154914624,0.224880572404976,0.26911416932382,1.04833461319958,0.489328159986721,0.0480523529800437,0.10576458595105,0.133947924402742,0.981754711010278,0.0450457324371385,0.00418280394094881,0.214702187619123
"LP.01.63",0.0377273315085075,0.00685644046547331,0.0705177349436525,0.00432257269798132,0.0586906329805526,0.0120606259257228,0.0570404356118537,0.259749900958904,0.218077191542247,0.013094397498894,0.0755495494525582,0.113223204674057,0.00398471538060311,0.0601434928284983,0.308347204388988,0.21890248492541,0.259749900958904,0.218077191542247,0.013094397498894,0.0755495494525582,0.101432066193118,0.266476238943617,0.0122373556934319,0.00418280394094881,0.186641324288807
"LP.01.64",0.0565039621088713,0.0163138993844455,0.0964444958725652,0.0143780343735338,0.085084072359717,0.0227820683835336,0.0826355093263068,0.999366192198979,0.531514074687081,0.0234472912328283,0.104785975031882,0.118676068763473,0.00398471538060311,0.0406247918464771,0.0813553634916414,0.19053614764398,0.999366192198979,0.531514074687081,0.0234472912328283,0.104785975031882,0.0911800375493975,0.874555210449482,0.0350241821273157,0.00418280394094881,0.150266900004394
"LP.01.66",0.12482102691991,0.0865719614864367,0.10739816411241,0.0834905631064903,0.0960844905058824,0.0934772725489869,0.0928961803977408,1.03412512187952,0.708392274497931,0.102538277158947,0.115588159450526,0.116615973725174,0.0424924804051467,0.136987198550914,0.200582730783759,0.427236603848032,1.03412512187952,0.708392274497931,0.102538277158947,0.115588159450526,0.164504963800166,0.9933147734526,0.098106213742945,0.00418280394094881,0.17343759127026
"LP.01.67",0.0429180137642233,0.0304739303775719,0.103665058129663,0.0257318515041854,0.0928511148844202,0.038733183981684,0.0890695176678537,1.08571513152612,0.588262270336414,0.0299727797403032,0.0990624576283059,0.0864315472233029,0.00398471538060311,0.0784632639668406,0.251516775043864,0.306529643318306,1.08571513152612,0.588262270336414,0.0299727797403032,0.0990624576283059,0.0885567307546164,0.961748150064555,0.0268799025879016,0.00418280394094881,0.223441043043376
"LP.01.68",0.0652899270949779,0.0713919817884024,0.103317176690612,0.0674112871032093,0.0928781111644837,0.0768079853256026,0.0844067348917861,1.07569119959774,0.690160564563586,0.0193160206069803,0.0871071079899724,0.0892408612517036,0.0143030955828806,0.107736439859661,0.185945213250865,0.354911936457253,1.07569119959774,0.690160564563586,0.0193160206069803,0.0871071079899724,0.121776833375011,1.00639289365108,0.0161224938273346,0.00418280394094881,0.166633118955368
"LP.01.70",0.0233635080987243,0.00692451634258374,0.0609105288043193,0.00396458677378756,0.0476669141743049,0.00575694215249011,0.0426171961694027,0.943306094120092,0.477722599951874,0.0172680798526521,0.102476871168663,0.119785282760397,0.00398471538060311,0.037938198527902,0.0926207444071863,0.211679147958405,0.943306094120092,0.477722599951874,0.0172680798526521,0.102476871168663,0.0872426318432757,0.978495035765538,0.0122373556934319,0.00418280394094881,0.185003198259092
"LP.01.71",0.0714600790677808,0.0419860300974853,0.0846913464711385,0.0396026361954055,0.0738288744930628,0.0487154279595592,0.0667713183501477,1.05063964632494,0.529093458128796,0.0501941072520969,0.102778438669969,0.123403720480341,0.00398471538060311,0.0994398445632108,0.131123472897233,0.235167399996207,1.05063964632494,0.529093458128796,0.0501941072520969,0.102778438669969,0.13243485845724,0.975894398613774,0.049803319538188,0.00418280394094881,0.16819213928347
"LP.01.72",0.0527836415595659,0.0108181803062209,0.0917710615923554,0.00841008692317225,0.0800815876844695,0.0157031419918795,0.085004928263259,0.459718602477172,0.31777048680555,0.013094397498894,0.102905139942057,0.101873449058114,0.00398471538060311,0.062131007543685,0.308354412542794,0.177231581376521,0.459718602477172,0.31777048680555,0.013094397498894,0.102905139942057,0.125478143198499,0.450485159850603,0.0122373556934319,0.00418280394094881,0.210846754811297
"Test.FFPE.01",0.0302369865332376,0.0195419904009891,0.0862723461708099,0.0140087684582068,0.0768346570595317,0.022491173669206,0.0785488571019384,0.910093774184955,0.408466554422138,0.0231560941878742,0.0791438426404252,0.111155291338102,0.000912646817321108,0.0439420831843888,0.220082992796739,0.203843938753961,0.910093774184955,0.408466554422138,0.0231560941878742,0.0791438426404252,0.0687601514369504,0.762055171551647,0.0144564208916931,0.00418280394094881,0.158995620084949
"Test.FFPE.02",0.0911451026402374,0.0418752530108598,0.0894134078011256,0.045078820875689,0.0799711928386908,0.0553679917059278,0.083048670446427,0.885078627657839,0.614785164861587,0.0551824495871678,0.125104207395058,0.120821552550464,0.0183741535835978,0.110569773848291,0.289138944740949,0.417545086645655,0.885078627657839,0.614785164861587,0.0551824495871678,0.125104207395058,0.158232463052457,0.85237155778246,0.0467507696324271,0.00418280394094881,0.20756260379598
"Test.FFPE.03",0.0675453866469538,0.0218925686602575,0.0923232445143,0.0196594154579352,0.0801612630464219,0.0315328224159274,0.0721590564039793,0.913582136242911,0.720151302556225,0.0502403887047522,0.161852673156507,0.100258892720939,0.0316288162090881,0.0762368213034795,0.139953023076326,0.450099321790084,0.913582136242911,0.720151302556225,0.0502403887047522,0.161852673156507,0.0929149598135385,0.924652360148104,0.0444160694522892,0.00418280394094881,0.170137031397905
"Test.FFPE.04",0.0582974874180104,0.0381095951586219,0.103825702453198,0.0343417518521502,0.0929265370672864,0.0372264305141285,0.0937277593464199,0.933090105033015,0.480074650608174,0.0717521526029742,0.0991469312287177,0.121494075093815,0.000912646817321108,0.103569245049785,0.291260807472545,0.219484831106471,0.933090105033015,0.480074650608174,0.0717521526029742,0.0991469312287177,0.130259889621213,0.773218025524024,0.0788598427559875,0.00418280394094881,0.208252263865584
"Test.FFPE.05",0.0925542862419848,0.0400228379351071,0.0966900531587313,0.0366134217502019,0.0844226739972004,0.0457535470008877,0.0724078483107748,0.895584259310941,0.560558961252359,0.10872416733029,0.0998417961208637,0.11836218316991,0.0152484514217554,0.126568305856357,0.276951604383502,0.326464133679184,0.895584259310941,0.560558961252359,0.10872416733029,0.0998417961208637,0.150624678357473,0.794624913836142,0.112345523133225,0.00418280394094881,0.208073047439456
"Test.FFPE.06",0.0443727170460473,0.00722748871917687,0.0759035037201816,0.00305032210676082,0.0614765666286625,0.00796766007463909,0.0527615635840266,0.815821129124896,0.422532111221075,0.0102249201948256,0.0836802412581615,0.112786044915849,0.000912646817321108,0.0840837093199884,0.203124592036121,0.110309285202939,0.815821129124896,0.422532111221075,0.0102249201948256,0.0836802412581615,0.141453981627254,0.83190573973403,0.00594630566002189,0.00418280394094881,0.164159667863306
"Test.FFPE.07",0.043174930897128,0.0207780412897455,0.0833192393008216,0.0189094860051173,0.0720254508459914,0.0272932275614091,0.0752033146182321,0.912304572909163,0.567871885084172,-0.0125825398603759,0.0809373879002164,0.0950822633556445,0.000912646817321108,0.0404134585641715,0.10931131071212,0.290319717883423,0.912304572909163,0.567871885084172,-0.0125825398603759,0.0809373879002164,0.0670230252355451,0.882197352082562,-0.0123402823718352,0.00418280394094881,0.171434596805803
"Test.FFPE.08",0.0628812001075496,0.039991422344987,0.108566023708817,0.0372064322026701,0.0976590739041784,0.0520374150403642,0.0928900856804581,0.89087563683523,0.476870462754365,0.00681183246076826,0.0828131577173401,0.121577168647868,0.000912646817321108,0.0796478528074417,0.163401055875147,0.247617259093474,0.89087563683523,0.476870462754365,0.00681183246076826,0.0828131577173401,0.136170944918157,0.845922370336442,0.00628500372838519,0.00418280394094881,0.184802827712468
"Test.FFPE.09",0.0252645714646814,0.0104899360353435,0.0908203228277789,0.00927524852564396,0.0799719317405702,0.017055028009625,0.0678177821075073,0.862702674041418,0.397045496815743,-0.022893100060391,0.0554740209202082,0.113833607558225,0.000912646817321108,0.041588204822287,0.0961781010116476,0.118122756996078,0.862702674041418,0.397045496815743,-0.022893100060391,0.0554740209202082,0.0812894508444708,0.777483047537064,-0.0192171943330955,0.00418280394094881,0.18870768724834
"Test.FFPE.10",0.0379675890333191,0.0235244825261165,0.0957283206147396,0.0232875796585549,0.0872525921443868,0.0299191570644543,0.0799005544661441,0.958654446257778,0.565217503214861,0.0185948176239144,0.0866915595426697,0.101454254626284,0.000912646817321108,0.0495716325764024,0.233590182845664,0.345181900543705,0.958654446257778,0.565217503214861,0.0185948176239144,0.0866915595426697,0.0816601852004221,0.898053801015275,0.0171680766092883,0.00418280394094881,0.182686921089779
