"","Quantiseq_Macrophage_M2","Epidish_CCLE_TIL10_Macrophages.M2","DeconRNASeq_CCLE_TIL10_Macrophages.M2","Epidish_CD226_M2","DeconRNASeq_CD226_M2","Epidish_TIL10_Macrophages.M2","DeconRNASeq_TIL10_Macrophages.M2","CBSX__TIL10__Macrophages.M2","CBSX__CCLE.TIL10__Macrophages.M2","CBSX__CD226__M2"
"LP.01.01",0.0643197461382394,0.187144763162963,0.0825570069298224,0.00357462201812392,0.0580300036156233,0.172992428752225,0.104637721586392,0.157056155543328,0.239059528654978,0.146751714423799
"LP.01.02",0.0984137398421656,0.232631504420673,0.0652883065416283,-0.00132234223292925,0.0532270576146719,0.0164661089110833,0.0793013191958805,0.0162132006602656,0.175562101574105,0.133547669222045
"LP.01.03",0.107927240424267,0.292586923779565,0.0879004888037286,0.016294878268339,0.0943599102749973,0.0822190117876188,0.101741388428099,0.144265823102192,0.00795808631575325,0.238085408485669
"LP.01.04",0.0558413451467566,-0.00312956539257356,0.0709041577993973,0.00357462201812392,-0.00494438224121349,-0.0482864113608517,0.10907362168658,0.205819060769354,0.0202813700367931,0.130917303894177
"LP.01.08",0.0756667233853525,0.0170009989311609,0.0719256845863048,0.00357462201812392,0.0697309095165245,-0.0334657219114385,0.0993359793706423,-0.0488428534627067,0.105293541209829,0.209227274687373
"LP.01.10",0.0763738934929653,0.0954872142379496,0.126195584583874,0.00357462201812392,0.0342064725259016,0.110163998214056,0.152127620090018,0.0695855325600043,0.112087529632284,0.172418053905849
"LP.01.12",0.100657579254469,0.116526009114971,0.0930970814564386,0.0527456449296335,0.105857638245553,0.0164661089110833,0.100974524696417,0.0162132006602656,0.0951357128452928,0.280133332995694
"LP.01.14",0.0709179608538,0.0357906375760091,0.0255027210539609,0.00357462201812392,0.015810635249068,0.0521041376731443,0.0550983700950731,0.0246304092061789,-0.0238685770557254,0.188797030331498
"LP.01.15",0.0706664624308034,0.127024045356893,0.0606565863709321,0.00357462201812392,-0.00494438224121349,0.237844732592475,0.0874354342695103,0.0748973722239023,0.027922517697753,0.134476256910808
"LP.01.16",0.102290153608362,-0.0173993186729441,0.0975312909069033,-0.00369210068983919,0.00644321714207714,0.0601302573189222,0.139740374271205,0.0576137122401202,0.0343382445545541,0.22253637646601
"LP.01.17",0.0694986708127339,0.00876743428223855,0.0746492354775757,-0.00369210068983919,-0.00761624263374166,0.0164661089110833,0.0939057572387121,0.0162132006602656,0.0430189934807571,0.0887593800753907
"LP.01.18",0.0657865720979857,0.0915353530861202,0.04201341083153,-0.00369210068983919,-0.000446553818165049,0.141459654001416,0.0745452908445231,0.133427389097706,0.0727666546655117,0.118076692474435
"LP.01.19",0.0708655049391212,0.0235724004827887,0.0792392660493526,-0.00369210068983919,0.0530152779069134,0.0164661089110833,0.104426177873477,0.110824428461449,0.00795808631575325,0.209624859957187
"LP.01.20",0.0368382390829306,-0.0191606690872819,0.0542765140556093,-0.00369210068983919,0.0374566000732293,0.0164661089110833,0.0728719251127959,0.0162132006602656,0.011366381229755,0.18170461446923
"LP.01.22",0.0919619589714584,0.290540973678443,0.108040060355215,-0.00369210068983919,0.0735849978647166,0.501843371103876,0.137820592063575,0.430563907836542,0.167279507038716,0.139019547132381
"LP.01.23",0.0715408821422457,0.0168674114468208,0.109809157329635,-0.00369210068983919,0.0186443867788812,0.0222867480364094,0.136583863871838,0.159290299668237,0.0108238643341371,0.147920738069458
"LP.01.24",0.0751455182561241,0.156492550797491,0.0676724836348043,0.0862756679023616,0.08986605374903,0.0421281860648191,0.0790574088525349,0.0162132006602656,0.2893957785743,0.248860567956242
"LP.01.25",0.0915733507576862,0.116518141576872,0.0566262785771063,-5.35405601626241e-05,0.0287080408563699,0.0707670616593602,0.0748845775828514,0.0162132006602656,0.00883707171693478,0.19114986047358
"LP.01.28",0.101832944996225,0.443173205938041,0.137706414956961,0.00557515525280076,0.0949914399821133,0.383254823014834,0.152823500966759,0.304563571500521,0.478189599163084,0.239689915873986
"LP.01.29",0.0493415855034526,-0.0191606690872819,0.0532349573567642,-0.00369210068983919,0.0107560278080085,0.0164661089110833,0.0972114916919751,0.0162132006602656,0.00795808631575325,0.114889361121123
"LP.01.31",0.0980439119478875,0.268777245000815,0.0835948356275153,-0.00369210068983919,0.0402334300160312,0.118994832440381,0.106497288515373,0.10302429700079,0.282098586178809,0.138587272209513
"LP.01.32",0.101948343570068,0.0332541256868537,0.12521964648716,-0.00369210068983919,-0.00761624263374166,0.0351506925262795,0.164392388434085,0.129677643963211,0.0885902866775136,0.119859966466759
"LP.01.34",0.0864049174516096,-0.0191606690872819,0.0964022017251777,-0.00369210068983919,-0.0036202366563832,0.0164661089110833,0.144451730999107,0.0162132006602656,0.00795808631575325,0.187325445583248
"LP.01.35",0.093713910004653,-0.0191606690872819,0.088511729580596,-0.00369210068983919,-0.00180031882103967,0.0164661089110833,0.103798052839353,0.0162132006602656,0.00795808631575325,0.262133660793361
"LP.01.37",0.0297148107491814,-0.0191606690872819,0.037848863878486,-0.00369210068983919,-0.00761624263374166,0.0164661089110833,0.0683684964975243,0.0162132006602656,0.00795808631575325,0.138574724744446
"LP.01.38",0.053256906942579,-0.0161749057200544,0.062028758607553,-0.00369210068983919,0.0243178264219556,0.206461239063118,0.126674780451828,0.196657904058839,0.0401461203643914,0.10448611722437
"LP.01.40",0.0146162987330332,-0.0155881837674016,0.0268061407374682,-0.00369210068983919,-0.00761624263374166,0.143294525471391,0.0624999126138943,0.0162132006602656,0.00795808631575325,0.126188636933914
"LP.01.42",0.032817410113148,-0.0191606690872819,0.0449370597743141,-0.00369210068983919,-0.00597090366429344,0.0164661089110833,0.0797026497849517,0.0162132006602656,0.00795808631575325,0.134708028503223
"LP.01.43",0.0361142702633145,0.0250298727019686,0.0349428857765573,-0.00369210068983919,-0.00761624263374166,0.0417211404102848,0.0660921634433908,0.0162132006602656,0.126103193510902,0.0891611386626147
"LP.01.44",-0.0012821760306983,-0.0191606690872819,0.00645077730483567,-0.00369210068983919,-0.00761624263374166,0.0164661089110833,0.00940286092274976,0.0162132006602656,0.00795808631575325,0.140052285739106
"LP.01.45",0.0450863365989884,-0.0191606690872819,0.0900960763516354,-0.00369210068983919,0.0256121324639916,0.0164661089110833,0.154351262383005,0.0162132006602656,0.00795808631575325,0.0990395406732797
"LP.01.46",0.158899845357216,0.232198472459132,0.182837502040221,0.0168031053076145,0.0046788527503873,0.17551992445151,0.200265350424961,0.199374065793168,0.335963911063162,0.0823200337462539
"LP.01.47",0.11747929077669,0.0775013522499504,0.154628953067496,-0.0015658348338818,0.0208610146160532,0.0389062209350581,0.169745315753212,0.0428411153234692,0.169679777246166,0.146563881429948
"LP.01.48",0.0178627174690198,0.0621787532197311,0.0733176901282236,-0.00345714334640866,0.0046788527503873,0.115522236877128,0.152751127275352,0.0687062937020749,0.0677796335757412,0.139279891008959
"LP.01.52",0.0986457657265439,0.326813620477988,0.0884586079697477,0.0222158458467768,0.0318649106631207,0.252798387513394,0.0990808271455398,0.639165723836707,0.101245852912944,0.266455193338921
"LP.01.53",0.0289586393208475,0.0204128497618206,0.0431725349802337,-0.00345714334640866,0.0046788527503873,0.0389062209350581,0.0813493947338983,0.0126066393071236,0.0414232715903294,0.125464388271652
"LP.01.56A",0.0507338929877986,0.0549353080683829,0.028886133484835,-0.00345714334640866,0.0187548366514626,0.100188203297457,0.0560985866326798,0.0126066393071236,0.0358224483614454,0.171278229315232
"LP.01.57",0.0691139321255244,0.0565989498152857,0.064841959500723,0.00584928505603725,0.0495374035722616,0.0389062209350581,0.0718678036043948,0.0126066393071236,0.0678831320873738,0.246982877837939
"LP.01.58",0.0776162252385505,0.0204128497618206,0.0825548999907966,-0.00345714334640866,0.00837606795213202,0.0389062209350581,0.117187784908347,0.0126066393071236,0.0358224483614454,0.139380657319531
"LP.01.59",0.037613202985728,0.0204128497618206,0.0475674932877405,-0.00345714334640866,0.0046788527503873,0.0389062209350581,0.0851609532379927,0.0126066393071236,0.0358224483614454,0.163395402745067
"LP.01.60",0.0509000980020248,0.0352820776310958,0.0777162443132328,-0.00345714334640866,0.0046788527503873,0.0522190972353346,0.120905865092545,0.0126066393071236,0.0604365688236412,0.107492470620729
"LP.01.61",0.0516975591919772,0.0204128497618206,0.0551062953596998,0.0490052281618978,0.127890046755843,0.0389062209350581,0.102092998058354,0.149403998470602,0.0358224483614454,0.292631686337075
"LP.01.62",0.117730025382234,0.0495233215103313,0.155258218788822,-0.00345714334640866,0.0046788527503873,0.0389062209350581,0.176771953357832,0.0126066393071236,0.0358224483614454,0.117574171406783
"LP.01.63",0.0286624189999578,0.0204128497618206,0.03296669068201,-0.00345714334640866,0.0046788527503873,0.0389062209350581,0.0574593130879468,0.0126066393071236,0.0358224483614454,0.107224421296233
"LP.01.64",0.0417843975790901,0.0204128497618206,0.00746807250905937,-0.00345714334640866,0.0515180836674372,0.0389062209350581,0.0400993091269106,0.0126066393071236,0.0817246252704115,0.17281764657517
"LP.01.66",0.0603611831554029,0.0397333664752286,0.0510376428971412,0.00967501682258804,0.036774110705322,0.0536358616486219,0.0686604943018201,0.182177462312992,0.113005730819733,0.212234782949413
"LP.01.67",0.0898531411509752,0.0890111866689782,0.0631968365117859,-0.00345714334640866,0.0764013199090099,0.0389062209350581,0.0711645032186616,0.0126066393071236,0.071296364420592,0.101003505830196
"LP.01.68",0.107480900349113,0.274999858580611,0.0543669740768196,0.0144526575047584,0.0908645327524519,0.186243195324027,0.0609534662961458,0.0939525539565847,0.156049190770305,0.248415740256252
"LP.01.70",0.107433958905092,0.0360090577317482,0.134098642926161,-0.00345714334640866,0.0046788527503873,0.15937218200951,0.18974520169664,0.0476965918340869,0.0448884354505684,0.152958446474652
"LP.01.71",0.0520405229561081,0.053385039686799,0.0518346309618652,-0.00345714334640866,0.0046788527503873,0.114376361222747,0.0811331619137541,0.0484947518588281,0.0404527346919526,0.17617216375089
"LP.01.72",0.0144193871664988,0.0204128497618206,0.00982311427102606,-0.00345714334640866,0.0046788527503873,0.0389062209350581,0.0232024137937373,0.0126066393071236,0.0358224483614454,0.105646523334118
"Test.FFPE.01",0.0881427152589999,0.0222877748016136,0.0815405667878847,0.00357462201812394,0.00788177212456784,-0.0070859184852896,0.12895838604091,0.0647374625084651,0.0509180757425538,0.130711628779685
"Test.FFPE.02",0.0614934870593645,0.0472768041176444,0.054893013967878,0.00357462201812394,0.0135357510471439,0.0179988933184694,0.0782131774347348,0.0200230134953176,0.0421105814711838,0.145915042483597
"Test.FFPE.03",0.0966134148279461,0.224498549485114,0.105994845234543,0.00357462201812394,0.0440106458425404,0.129650097855223,0.114476423359598,0.211594667267524,0.201152426915347,0.166603919703867
"Test.FFPE.04",0.0783251280080667,0.120759677478936,0.121992301463765,0.00357462201812394,0.0364234987610495,0.196627687518802,0.148823000593953,0.0200230134953176,0.274949149196199,0.142166609690315
"Test.FFPE.05",0.0547319034414729,0.0222877748016136,0.0163510183170642,0.00357462201812394,0.00788177212456784,-0.0070859184852896,0.0157493721543261,0.0200230134953176,0.00400132237695745,0.144484374146738
"Test.FFPE.06",0.0417046060860239,0.0617940477945245,0.0704469544185556,0.00357462201812394,0.0903701381864668,0.0618107401293377,0.115739948242533,0.29216113588576,0.148447526898785,0.238080188778578
"Test.FFPE.07",0.0858864541455232,0.0919700821834036,0.0937738235966289,0.00357462201812394,0.00788177212456784,0.174700071221575,0.142644737857433,0.0200230134953176,0.00921628864714891,0.130680708701776
"Test.FFPE.08",0.0437190789666251,0.0222877748016136,0.0507252739531305,0.00357462201812394,0.0475239674453038,-0.0070859184852896,0.0720992998791096,0.0200230134953176,0.00400132237695745,0.168454725344989
"Test.FFPE.09",0.0367788706746379,0.0222877748016136,0.0491002207238355,0.00357462201812394,0.00788177212456784,-0.0070859184852896,0.0862887175578236,0.0200230134953176,0.00400132237695745,0.17294360432275
"Test.FFPE.10",0.102247893944536,0.130079896187928,0.0847515504105339,0.00357462201812394,0.016424337593708,0.266478123830434,0.10985484870994,0.116611448099781,0.0624951676244283,0.197605254970207
