"","Quantiseq_Neutrophil","Epidish_CBSX_LM22_Neutrophils","DeconRNASeq_CBSX_LM22_Neutrophils","Epidish_CCLE_TIL10_Neutrophils","DeconRNASeq_CCLE_TIL10_Neutrophils","Epidish_LM22_Neutrophils","DeconRNASeq_LM22_Neutrophils","Epidish_TIL10_Neutrophils","DeconRNASeq_TIL10_Neutrophils","CBSX__LM22__Neutrophils","CBSX__TIL10__Neutrophils","CBSX__CCLE.TIL10__Neutrophils"
"LP.01.01",0.0806987445711405,0.00619127622748215,0.00764049953693844,0.0169377221704676,0.133850046611584,0.00619127622748215,0.00764049953693844,0.0198806840416442,0.14288330328927,0.00663256306084733,0.00847197383595088,0.00921890399182834
"LP.01.02",0.0967753567179254,0.010311334364339,0.0335151343628034,0.0510281081043981,0.246691767617022,0.010311334364339,0.0335151343628034,0.00260610236757663,0.239808693137989,0.00988489194363932,0.0167712459448772,0.0423933759731123
"LP.01.03",0.178654869656041,0.010311334364339,0.00626288591138337,0.0106230357235397,0.272906088478564,0.010311334364339,0.00626288591138337,0.00260610236757663,0.27031664289221,0.00988489194363932,0.0500503586660818,0.00555092038132276
"LP.01.04",0.0462011708445957,0.0142095660982639,0.0247344346183076,0.00567053938922278,0.116946159750894,0.0142095660982639,0.0247344346183076,0.0198806840416442,0.151052849783502,0.0181671823073224,0.0471994788712169,0.016858934046092
"LP.01.08",0.0626584129193607,0.00619127622748215,0.023307738389954,0.00567053938922278,0.149642551585151,0.00619127622748215,0.023307738389954,0.0198806840416442,0.167223576321221,0.00663256306084733,0.00847197383595088,-0.000591348554269205
"LP.01.10",0.114886118511907,0.00619127622748215,0.0060424230070845,0.0423601887623116,0.121870704001777,0.00619127622748215,0.0060424230070845,0.0198806840416442,0.141198881090079,0.00663256306084733,0.00847197383595088,0.00229408942354623
"LP.01.12",0.134142844748105,0.0253195353922647,0.00626288591138337,0.0131709379450314,0.213928842392085,0.0253195353922647,0.00626288591138337,0.00260610236757663,0.202439641093367,0.0223219445973089,0.0167712459448772,0.0254228222723591
"LP.01.14",0.0927129409843297,0.00619127622748215,0.0157073062667415,0.00567053938922278,0.087522978429018,0.00619127622748215,0.0157073062667415,0.0198806840416442,0.111172146367372,0.00663256306084733,0.00847197383595088,-0.000591348554269205
"LP.01.15",0.116835736307821,0.050438262350903,0.0182248629680262,0.00829520893521031,0.25160806456006,0.050438262350903,0.0182248629680262,0.0198806840416442,0.285247683743342,0.0484888252758092,0.0632725647718812,0.0318465663488193
"LP.01.16",0.0764588625511269,0.0265093932123774,0.0154462135370211,0.0232358944957084,0.103804109437861,0.0265093932123774,0.0154462135370211,0.0150246389537506,0.135781488594927,0.0223910530340661,0.01875729546192,0.00979774472378053
"LP.01.17",0.06379236034695,0.010311334364339,0.00626288591138337,-0.00629268095208272,0.015166385103867,0.010311334364339,0.00626288591138337,0.00260610236757663,0.0257032522175833,0.00988489194363932,0.0167712459448772,0.00162098542910173
"LP.01.18",0.106928329771027,0.0158518121734023,0.0148999934276188,0.00631952018166458,0.189359833550443,0.0158518121734023,0.0148999934276188,0.00743045872973212,0.215361935196193,0.0154634264689917,0.029573047037576,0.0120770518505495
"LP.01.19",0.125930615630769,0.010311334364339,0.00626288591138337,-0.00189270620817131,0.175934898906277,0.010311334364339,0.00626288591138337,0.00260610236757663,0.177632831473845,0.00988489194363932,0.0328094492726901,0.00162098542910173
"LP.01.20",0.0850735120586211,0.010311334364339,0.0182758684376645,0.0345288472808332,0.17048429512488,0.010311334364339,0.0182758684376645,0.00260610236757663,0.184790429701449,0.00988489194363932,0.0167712459448772,0.00162098542910173
"LP.01.22",0.0318275855973494,0.010311334364339,0.0243516996944169,0.023417799265444,0.128476955523498,0.010311334364339,0.0243516996944169,0.00260610236757663,0.145351678575285,0.00988489194363932,0.0167712459448772,0.00162098542910173
"LP.01.23",0.0897675964731865,0.010311334364339,0.0113925168554957,0.0235196144640071,0.153593759626594,0.010311334364339,0.0113925168554957,0.00260610236757663,0.169854441631447,0.00988489194363932,0.0167712459448772,0.00162098542910173
"LP.01.24",0.127258392648014,0.0245675863992091,0.00626288591138337,0.0784643248649511,0.251774004629006,0.0245675863992091,0.00626288591138337,0.0479466320835426,0.249755156643258,0.0325096874083019,0.0167712459448772,0.0113496995026755
"LP.01.25",0.112364322112931,0.0134117200470433,0.0131104816197398,-0.00203591936789243,0.230593710207962,0.0134117200470433,0.0131104816197398,0.00260610236757663,0.236259105573606,0.0154522841876515,0.0182700965147694,0.0470670217845019
"LP.01.28",0.0766343627959784,0.010311334364339,0.00626288591138337,0.0548461427034798,0.181903192052925,0.010311334364339,0.00626288591138337,0.00260610236757663,0.179858265340193,0.0147792922774392,0.0167712459448772,0.0322546197099937
"LP.01.29",0.11381175309795,0.053171820087422,0.0367762631352,0.0427687691227127,0.161732333222424,0.053171820087422,0.0367762631352,0.204488112887691,0.245884151060541,0.041462994096161,0.07022660390192,0.0150741971028239
"LP.01.31",0.0574592827513329,0.010311334364339,0.0233423051720365,0.0225704198781928,0.111741946717887,0.010311334364339,0.0233423051720365,0.00260610236757663,0.121943002393472,0.00988489194363932,0.0167712459448772,0.00162098542910173
"LP.01.32",0.0695818732778058,0.010311334364339,0.0344525466428059,-0.00629268095208272,0.167372816270825,0.010311334364339,0.0344525466428059,0.00260610236757663,0.200005762782225,0.0195695183456916,0.0167712459448772,0.00162098542910173
"LP.01.34",0.084929939158038,0.0189487236862868,0.00986293234705487,-0.00589433555991672,0.0631576365243394,0.0189487236862868,0.00986293234705487,0.00516965342398258,0.0873487142777452,0.0212016287100223,0.0239470917371554,0.00162098542910173
"LP.01.35",0.0732741552940837,0.010311334364339,0.00689132639073944,-0.0037789759585281,0.143937414895379,0.010311334364339,0.00689132639073944,0.00260610236757663,0.145853448612642,0.00988489194363932,0.0167712459448772,0.00162098542910173
"LP.01.37",0.0873109700450566,0.0134660494357992,0.0362286984895551,-0.00629268095208272,0.110639401140791,0.0134660494357992,0.0362286984895551,0.0143565194865367,0.169115746327922,0.0206279361216189,0.0201855706738847,0.00162098542910173
"LP.01.38",0.0296252232378181,0.010311334364339,0.033967615172805,-0.00629268095208272,0.0767597570001035,0.010311334364339,0.033967615172805,0.00260610236757663,0.141850419739755,0.00988489194363932,0.0214920767568843,0.00162098542910173
"LP.01.40",0.103918466270914,0.0105205792535783,0.00799396588801719,0.0198775416185794,0.134472165176712,0.0105205792535783,0.00799396588801719,0.155691242859492,0.200773149238085,0.0139959956097611,0.0599977191419581,0.0202794096523537
"LP.01.42",0.06653273850468,0.0161166538437618,0.018171429334492,-0.00629268095208272,0.084411041545271,0.0161166538437618,0.018171429334492,0.00260610236757663,0.121148354253433,0.0199967264861781,0.0213929933856365,0.00202182729638322
"LP.01.43",0.0407228980081102,0.010311334364339,0.00626288591138337,-0.00629268095208272,0.049133821670827,0.010311334364339,0.00626288591138337,0.00260610236757663,0.0719402655213134,0.00988489194363932,0.0167712459448772,0.00162098542910173
"LP.01.44",0.0604028714911051,0.010311334364339,0.00731485897652621,0.00579948992578698,0.0642312242871547,0.010311334364339,0.00731485897652621,0.00260610236757663,0.0883947213091949,0.00988489194363932,0.0167712459448772,0.00162098542910173
"LP.01.45",0.0484588350015622,0.010311334364339,0.00873788574904186,-0.00629268095208272,0.0871280361409813,0.010311334364339,0.00873788574904186,0.00260610236757663,0.134405538223925,0.00988489194363932,0.0167712459448772,0.00162098542910173
"LP.01.46",0.0391975772138167,-0.0247257748588943,-0.0166081284652915,0.00854381581997365,0.111149570459832,-0.0247257748588943,-0.0166081284652915,-0.0334544998412237,0.0999002264580217,-0.022902082624637,-0.0358808493239784,0.00639225096374707
"LP.01.47",0.0847335663060682,-0.0190076438899022,0.025995095069692,0.00814659768496585,0.111704416748794,-0.0190076438899022,0.025995095069692,-0.0334544998412237,0.0940791172035607,-0.0176955557066398,-0.0358808493239784,-0.00426087954648503
"LP.01.48",0.230433855761572,0.145307919030496,0.0871502489332115,0.0821944479388207,0.24100265506393,0.145307919030496,0.0871502489332115,0.415002900106975,0.420244584361856,0.105689520406991,0.460906329957072,0.098962024320373
"LP.01.52",0.0869172599269696,-0.0218654868129853,0.0173954633509773,0.00405445295315643,0.246172416436179,-0.0218654868129853,0.0173954633509773,-0.0334544998412237,0.228036849343351,-0.022902082624637,-0.0358808493239784,0.0193240959042797
"LP.01.53",0.0553080473250919,0.0491609260168345,0.0431332566977656,-0.00322650311907065,0.0736973216403088,0.0491609260168345,0.0431332566977656,-0.0334544998412237,0.0965769338792637,0.0497199846126375,-0.0358808493239784,-0.00426087954648503
"LP.01.56A",0.0729456851289627,-0.0247257748588943,-0.0166081284652915,-0.00322650311907065,0.0427157948791171,-0.0247257748588943,-0.0166081284652915,-0.0334544998412237,0.0497947458229516,-0.0216936654060242,-0.0358808493239784,-0.00426087954648503
"LP.01.57",0.0588669759318546,-0.0247257748588943,-0.00799388706129842,-0.00272611326577422,0.192722950846538,-0.0247257748588943,-0.00799388706129842,-0.0334544998412237,0.176241472964456,-0.0208021253125252,-0.0349228411457685,-0.00426087954648503
"LP.01.58",0.0820403194204813,-0.0221402496061342,-0.0131235557276569,-0.00322650311907065,0.145726144410029,-0.0221402496061342,-0.0131235557276569,-0.0334544998412237,0.155411809486058,-0.0179580849247684,-0.0358808493239784,0.00474825447841566
"LP.01.59",0.154820611156965,0.354512821835786,0.199478111000458,0.102885918880499,0.206744913123426,0.354512821835786,0.199478111000458,0.368904796412566,0.308390424175088,0.344343856722606,0.340770120201146,0.0740284709814781
"LP.01.60",0.0398309234914378,0.0279382600422461,0.0283959029511355,0.0120778356672522,0.123051537249102,0.0279382600422461,0.0283959029511355,0.0887974425370553,0.165146839836032,0.0195654053257249,-0.0115254263464552,0.00266043089038893
"LP.01.61",0.0319513369834429,-0.011653813771981,-0.0166081284652915,-0.00322650311907065,0.114050946203465,-0.011653813771981,-0.0166081284652915,-0.0334544998412237,0.150752113603777,-0.00948780321115348,0.0686173171061527,-0.00426087954648503
"LP.01.62",0.053736345596827,-0.0247257748588943,-0.0166081284652915,-0.00322650311907065,0.0547990967977841,-0.0247257748588943,-0.0166081284652915,-0.0334544998412237,0.0437249179896016,-0.022902082624637,-0.0358808493239784,-0.00426087954648503
"LP.01.63",0.0753457772881,-0.0219240497935496,-0.00164857823803463,0.00784674792727935,0.167386445147628,-0.0219240497935496,-0.00164857823803463,-0.0116046435626607,0.198524722567515,-0.0126488082605851,0.0407844553955952,-0.00212935562740244
"LP.01.64",0.0411158196978065,-0.0247257748588943,-0.0166081284652915,-0.00322650311907065,0.104204428479445,-0.0247257748588943,-0.0166081284652915,-0.0334544998412237,0.137974935453076,-0.022902082624637,-0.0358808493239784,-0.00426087954648503
"LP.01.66",0.0337756587715925,-0.0247257748588943,-0.00779433539968435,-0.00322650311907065,0.112021665179327,-0.0247257748588943,-0.00779433539968435,-0.0334544998412237,0.109829470888192,-0.022902082624637,-0.0358808493239784,-0.00426087954648503
"LP.01.67",0.137832392359518,-0.0108497717671621,-0.0166081284652915,0.0441889091990277,0.24948657926018,-0.0108497717671621,-0.0166081284652915,-0.0334544998412237,0.221765199488158,-0.0135591475056401,-0.0358808493239784,0.041775125468682
"LP.01.68",0.154781254851784,-0.0247257748588943,0.0104532596932529,0.0337774166638969,0.285775060024746,-0.0247257748588943,0.0104532596932529,-0.0334544998412237,0.257289392495745,-0.022902082624637,-0.00765151594209855,-0.00426087954648503
"LP.01.70",0.127243560899379,-0.0247257748588943,0.0462581407513859,-0.00322650311907065,0.0649090829470488,-0.0247257748588943,0.0462581407513859,-0.0334544998412237,0.0770269078645547,-0.0204543433543049,-0.0266922303211403,-0.00210563336280166
"LP.01.71",0.0876811394202339,-0.0247257748588943,-0.0141602439494611,0.00798758083654345,0.101286912570316,-0.0247257748588943,-0.0141602439494611,-0.0334544998412237,0.10179764530654,-0.0138886125900036,-0.0358808493239784,-0.00426087954648503
"LP.01.72",0.0647523062652784,0.0510961736433864,0.00496744201018007,-0.00114979190088305,0.122860412327754,0.0510961736433864,0.00496744201018007,0.0383306829573045,0.236753159461498,0.0769027410399104,0.045602930282265,-0.00426087954648503
"Test.FFPE.01",0.0864551270336231,0.042411727016311,0.0239382318842185,0.0236059170503222,0.168927685221219,0.042411727016311,0.0239382318842185,0.0204166029910675,0.223477446303135,0.0576237870830965,0.0940614989962715,0.0434442319656902
"Test.FFPE.02",0.0477149141216344,0.0277302664647077,0.0205155492388254,0.00617523677165968,0.126139135354166,0.0277302664647077,0.0205155492388254,0.0109677134320028,0.138343248797854,0.0249342346465874,0.0106376295431503,0.00323124267165251
"Test.FFPE.03",0.090749116892421,0.0135922292822466,0.0138490743298348,0.0241733308808977,0.108301876274189,0.0135922292822466,0.0138490743298348,0.0109677134320028,0.106788436572213,0.01190765679467,0.0106376295431503,0.0115012179722783
"Test.FFPE.04",0.0993969431358399,0.00822316426707311,0.0191508127971771,0.0305892897410948,0.186473827139097,0.00822316426707311,0.0191508127971771,0.0109677134320028,0.207248137072614,0.00638462762015034,0.0106376295431503,0.00323124267165251
"Test.FFPE.05",0.0536034244728149,0.0159483472327881,0.0178989641929226,0.00384864468193058,0.104763660315023,0.0159483472327881,0.0178989641929226,0.0109677134320028,0.11406931625039,0.0150121426402884,0.0130801098217475,0.00323124267165251
"Test.FFPE.06",0.0922071534244634,0.00822316426707311,0.0171704626747729,0.0372208988724695,0.158137135486207,0.00822316426707311,0.0171704626747729,0.0906485299693523,0.198488242011943,0.0106434815773662,0.0589948826914316,0.0208288458633763
"Test.FFPE.07",0.0901418948051065,0.00822316426707311,0.00430281954682367,0.00384864468193058,0.099270740263523,0.00822316426707311,0.00430281954682367,0.0109677134320028,0.117924064140428,0.00638462762015034,0.0106376295431503,0.00323124267165251
"Test.FFPE.08",0.020160956904962,0.00822316426707311,0.0178936714860063,0.00384864468193058,0.107295542818835,0.00822316426707311,0.0178936714860063,0.0109677134320028,0.132290567997846,0.00638462762015034,0.0106376295431503,0.00323124267165251
"Test.FFPE.09",0.19435264787238,0.00822316426707311,0.0204063689476823,0.00384864468193058,0.158441038541335,0.00822316426707311,0.0204063689476823,0.0109677134320028,0.192532123306063,0.00965061982159152,0.0106376295431503,0.00323124267165251
"Test.FFPE.10",0.0818730282353468,0.00822316426707311,0.00430281954682367,0.00384864468193058,0.21798353348388,0.00822316426707311,0.00430281954682367,0.0109677134320028,0.233469151872163,0.00638462762015034,0.0106376295431503,0.00323124267165251
