"condition" "B" "cancer" "CD4" "CD8" "M0" "M1" "M2" "Mono" "Neu" "NK" "CYT" "IMPRES" "Roh_IS" "chemokines" "Davoli_IS" "IFNy" "Ayers_expIS" "Tcell_inflamed" "MSI" "TLS" "CTLA4" "PD1" "PDL1" "CMH1" "Androgen" "EGFR" "Estrogen" "Hypoxia" "JAK-STAT" "MAPK" "NFkB" "p53" "PI3K" "TGFb" "TNFa" "Trail" "VEGF" "WNT" "deconv_signature" "deconv_method"
"1" "Gide_PD1_10_Post" 0.0366879902806311 0.885127275971326 0.0575272382893712 0 2.01936562945526e-05 0.00212933572578709 0 0.0185079660765904 0 0 148.502559237206 11 743.235490798531 0.520177445479631 0.534985422740525 10.5032814197834 9.72228092848547 -1.55388380339418 6.66666666666667 1303.54342102356 355 35 232 14864.6859902054 -0.40709744278696 -0.0701967612627387 0.476670047384837 -0.707129779300167 -0.517417762316423 -0.500300061143618 -0.469212379652871 0.323137589320445 0.270962215544077 -0.176645477144656 -0.511322856395877 0.219516707266191 -1.18746806423997 -0.533959079161743 "BPRNACanProMet" "Epidish"
"2" "Gide_PD1_10_Pre" 0.0424089121858736 0.903500735445858 0.0292315295715336 0 0 0.0105180434286095 0 0.0143407793681253 0 0 42.1526997949123 12 327.795668052103 -2.37919558091436 0.21865889212828 8.65769267817015 8.03595010850317 -3.16240993163228 6.66666666666667 322.232011975474 92 5 81 6604.26538065251 -0.401762188929119 -0.648766472301366 -0.0857750401716378 -0.813594497989496 -0.806924475192944 -0.61381950081256 -0.867114788579598 -0.413373463277277 -0.306804520891309 -0.436886266404288 -0.82768567588161 0.159578603648917 -1.10021962380669 -0.523770587168168 "BPRNACanProMet" "Epidish"
"3" "Gide_PD1_11_Pre" 0.021203200994773 0.93604644537814 0.0257613954286101 0 0.000378274403559562 0 0 0.0166106837949169 0 0 86.4972837723821 11 365.933824219621 -2.22161198949414 0.333819241982507 8.0656158780011 8.40826293153571 -3.39795689444098 6.66666666666667 2069.91889321738 117 23 119 8938.44169776766 -0.173596385676799 0.396215776810453 -0.0716452672193501 -0.286547064163526 -0.971377922119485 -0.35822433653957 -0.623293198041588 4.15459505787749 0.803271337539071 -0.00308728384437494 -0.472106596655813 1.03798145618303 0.579185630679447 -0.70679308627186 "BPRNACanProMet" "Epidish"
"4" "Gide_PD1_12_Pre" 0.0177858569689231 0.951724672765158 0.0237972487285809 0 0.0015172096118073 0 0 0.00517501192553064 0 0 52.8320934659985 8 202.803498724564 -2.75687833196228 0.268221574344023 7.94068518626766 7.99759373107898 -3.74780938350977 5.55555555555556 1045.11684157307 111 44 59 7662.85665430069 -0.628514043392801 -0.606113826811216 -0.59758458548833 0.394799895078477 -0.753367146784954 0.750223996654247 -0.604034552233753 0.410062383698922 0.697199211852935 0.155380894896423 -0.532016603559278 -0.358726428615841 0.17599933477686 -1.0208144866018 "BPRNACanProMet" "Epidish"
"5" "Gide_PD1_13_Post" 0.029321607845153 0.933976427748341 0.0235318280332206 0 0 0.00106585003245631 0 0.0121042863408289 0 0 60.8378180082093 12 428.088911213822 -0.738226187657147 0.147230320699708 8.82112239988763 7.99812016610042 -3.26787958557634 5.55555555555556 565.920532646475 107 10 149 13434.1165286264 -0.207319742436567 0.212604490530248 -0.211282388995815 -0.363275172029029 -0.271118376992218 0.444919169886909 -0.316958714704276 -0.290507442578246 -0.431155574155216 -0.490622765196625 -0.337852200730575 -0.480414550303103 0.0466209682485978 -0.214389373032345 "BPRNACanProMet" "Epidish"
"6" "Gide_PD1_13_Pre" 0.0198018025597993 0.949934624173075 0.0253476451338328 0 0.00179762041906417 0 0 0.00311830771422908 0 0 50.5075251818974 12 247.005740826729 -3.97110804832087 0.131195335276968 7.74587246335888 7.2433049842915 -3.740488415963 5.55555555555556 579.969937276225 63 12 75 8739.89359815891 -0.333907197599777 -0.057800436528147 -0.033715511389297 -0.582428096461509 -0.766259399908425 0.296876746247492 -0.851489421617712 0.394213703541088 -0.287979446147924 -0.484824761971503 -0.72686211820885 -0.0225861770623827 -0.0593676581918482 -0.286624082623633 "BPRNACanProMet" "Epidish"
"7" "Gide_PD1_14_Pre" 0.0340545400349072 0.937154255234972 0.0139299464311249 0 0.00256137675899956 0 0 0.0122735152374757 0 2.63663025203419e-05 16.9835243692233 10 189.168360771445 -2.54192226490263 0.173469387755102 7.44064278389521 7.16943303839181 -4.30376602232929 6.66666666666667 860.636788199044 52 7 90 4304.36313307637 -0.207762702123244 0.643418561245884 -0.419940736988944 -0.632739451270594 -0.818698042540671 1.34938977425571 -0.741187014517204 -0.407666537916531 0.595715751119925 -0.478453527520648 -0.647669724548794 -0.125578521331265 0.166182792335412 -0.471547266654464 "BPRNACanProMet" "Epidish"
"8" "Gide_PD1_15_Pre" 0.0655498066757727 0.838935808589305 0.0772631773957603 0 0.000580829901418314 0 0.00173542825308546 0.0153130491926964 0 0.000621899991962313 61.3471278871309 9 329.057285914576 -3.37215926515875 0.403790087463557 7.53624490334208 8.26569615664275 -3.24819628946515 6.66666666666667 1010.523416029 11 46 100 13215.0833148574 -0.41359443950142 -1.22041161981739 -0.421937485568071 -0.475471313883826 -0.764958981937551 0.0765526874728612 -0.738327343585398 0.762617325309534 0.195665662287128 -0.451248146798448 -0.718765121868793 0.511879137477297 -0.178299072510862 -0.310547721677024 "BPRNACanProMet" "Epidish"
"9" "Gide_PD1_16_Pre" 0.0165070362325656 0.963557122793997 0.00681341822418201 0 0 0.00817286152658761 0 0.00494956122266742 0 0 50.2153372984789 10 185.120447590545 -4.23104954310593 0.120991253644315 7.22477084445537 6.69327559416629 -4.0757311394671 6.66666666666667 388.285464923074 252 11 22 4750.61319006907 -0.449641825886585 0.338211974491591 -0.037925893733967 -0.489892869795853 -0.759573027402553 1.91349743748172 -0.832565640229166 -0.348799542194216 0.764749015771734 0.242759370168938 -0.812300706942055 0.238549696284623 0.0318127301904789 -0.373578154341237 "BPRNACanProMet" "Epidish"
"10" "Gide_PD1_17_Post" 0.0283248220826021 0.864409763715992 0.0344532986429056 0 0.00120401151479333 0.000167450961679204 0.000226872186503833 0.0608402474123914 0.00665454531927125 0.00371898816386179 3710.1601960158 10 4486.06857676463 5.90765349290417 0.988338192419825 13.4427741867037 12.771037662133 0.0204153699104325 6.66666666666667 11553.3823784909 1566 1320 785 112583.909272534 3.24386741265533 1.29173979671276 1.1802865110854 3.6551852191422 4.77957812753069 -1.22691676238301 4.73028107714125 1.48557864579177 -1.76378463403797 3.06146639267263 4.9009579443947 -1.86134546036918 -0.981633379060288 0.340303382953511 "BPRNACanProMet" "Epidish"
"11" "Gide_PD1_17_Pre" 0.017142743549938 0.9433576624517 0.0143823867943483 0 0 0.0083262689885388 0.000606511630504334 0.0155576513423317 0 0.000626775242638741 272.728803209342 10 511.380047603858 1.58232373367411 0.492711370262391 10.5264387492386 9.52083884851023 -2.03527913705019 6.66666666666667 866.840884414773 122 39 271 25314.6559587374 -0.409839596354095 0.569917959050913 -0.180547227489244 0.00272677432406526 -0.132958395692251 -0.259861373400377 -0.0605630594485882 -0.413165465465643 0.611723766993942 0.547580708347119 0.0556255584889577 0.454455807100492 0.228556640009355 -0.488338969337501 "BPRNACanProMet" "Epidish"
"12" "Gide_PD1_18_Pre" 0.0193582032479876 0.958873849068424 0.0104044322251606 0 0 0.000389782490201956 0 0.0101049077363603 0.000361838791347844 0.000506986440518167 79.6091709541056 11 516.431048488228 -1.45530336760697 0.389212827988338 8.68053862195625 8.85040434944513 -3.29886049281902 6.66666666666667 628.784266813286 95 7 295 12081.7710646919 -0.0176244190568215 0.310126995229995 -0.299904125307638 0.313013613170204 -0.399537630113444 -0.43129257592693 -0.0126565988775853 -0.603727924613378 1.162802336836 0.804683351088036 -0.0373426265309109 -0.242095900475764 0.48616735575981 0.0320146641474759 "BPRNACanProMet" "Epidish"
"13" "Gide_PD1_19_Pre" 0.0268211905404233 0.947280304441799 0.0112047808089216 0 0.00329251407167792 0 0 0.0112745682547178 0 0.000126641882460504 16.6288935290355 11 210.091072791569 -2.93320704410971 0.103498542274052 7.14196507781307 7.16141210044004 -5.12704564114461 6.66666666666667 165.209523224642 121 4 59 11560.1134453006 -0.367816599099286 0.924769484073228 0.23661196865665 -0.311389293962309 -0.838986861176245 0.50318068828016 -0.456856444184595 -0.478024256021248 0.206335163148649 -0.563359773179377 -0.454101434523001 -0.297411330875471 3.55014848345534e-05 -0.104868987213575 "BPRNACanProMet" "Epidish"
"14" "Gide_PD1_2_Pre" 0.0305772965476285 0.867742682807463 0.0403757129100409 0 0 0.0168299717053427 8.09392583916457e-06 0.0424195698068773 0.00192433331177085 0.000122338985037081 296.671771660197 11 908.827040986278 0.811140595527831 0.521865889212828 9.99183777255779 9.56890887066656 -2.09241092850909 6.66666666666667 760.057268018458 163 23 173 16279.3033929112 -0.464930265875765 -0.412250109492959 -0.32995372525644 0.0381525008665043 -0.23891004147817 -1.19276221985689 0.142475226968093 0.15375258707299 -0.269570512050441 0.915458377050256 0.0795524647202136 0.66301804389521 -0.268855076032841 -0.174054929398225 "BPRNACanProMet" "Epidish"
"15" "Gide_PD1_21_Pre" 0.0376880251705329 0.912352769592449 0.00753934447698023 0 0.000635242617500252 0 0 0.0330532467417458 0.00873137140079189 0 58.8756324806792 11 383.620101604744 -2.80816292857579 0.19533527696793 7.55161895761173 7.81873044654402 -3.55499163245098 6.66666666666667 580.560013235765 57 7 176 12688.4061291555 -0.286154154783541 -0.409556158902992 -0.909961860525821 -0.00857167661468502 -0.475475459531699 0.296717479742285 0.178664637694065 -0.202182769925295 0.504296720026248 -0.636386485863849 -0.106820520994287 0.394996914871279 -0.234138236557004 -0.265957853861339 "BPRNACanProMet" "Epidish"
"16" "Gide_PD1_23_Pre" 0.0206134714079288 0.959252869291869 0.010030604184855 0 0.00187769356645314 0.000641720188316141 0 0.00758340554943092 0 2.35811146587145e-07 112.019418405917 10 472.790814012519 -1.45158195318691 0.319241982507289 8.6210738813573 8.51646428448685 -3.34415180743212 6.66666666666667 659.92421247018 93 12 245 11768.7731627006 -0.146914204206801 0.403195141433292 0.0206680071632675 -0.124806462925679 -0.579264862450767 0.625509123583452 -0.141745539164443 -0.154953130642409 0.0479308212123732 0.093876401301908 -0.00386345554147294 0.303760400593428 0.964119015566368 -1.2332487136259 "BPRNACanProMet" "Epidish"
"17" "Gide_PD1_25_Post" 0.0239637800107964 0.852497826517117 0.0777926763819224 0 0 0.000425232072724935 0 0.0423876446326527 0 0.00293284038478648 961.351512247211 12 1571.91268025343 2.98383730821882 0.862973760932945 11.8738555869274 11.2069294578477 -0.259163440662852 6.66666666666667 2948.58975172716 321 166 678 26058.9748808115 -0.43701087605165 2.69423406946353 -0.365381476224568 -0.355266397142057 0.165570911142288 -0.186620352325142 0.610147796867974 2.48652666524037 0.559372342786768 -0.092874273657934 0.607947623191763 0.818707747307346 0.676005023703838 -0.333693269583197 "BPRNACanProMet" "Epidish"
"18" "Gide_PD1_25_Pre" 0.0321480567121904 0.918830111769509 0.0395758195345499 0 4.65498467062323e-05 0.000909105552946177 0 0.00849035658409811 0 0 285.555598964545 13 779.8538317527 0.735950674548753 0.645772594752187 10.2406301595378 9.91732966025795 -1.80651402684459 6.66666666666667 1601.20559332324 270 59 190 15822.146489841 0.00755908335020974 -0.156648647717151 -0.696834030429217 -0.243600812607697 -0.416551666768106 -0.346960534616738 -0.373612235564065 0.245691306604465 -0.733715048858596 -0.0811735393352092 -0.358343659047788 -0.435489525010051 -0.200765100676762 -0.741783119181752 "BPRNACanProMet" "Epidish"
"19" "Gide_PD1_27_Pre" 0.105916727073193 0.872419501136503 0.0207593395081129 0 0 0.00090443228219102 0 0 0 0 17.673995020934 10 123.570632486877 -5.16662440354085 0.137026239067055 7.13468791226331 6.80873493829791 -4.19237265476121 6.66666666666667 229.885099829832 26 27 66 3097.88281877016 -0.569677128572569 -0.925290104178731 -1.63847080981183 -0.820947843505889 -1.00649031542503 0.471611292402349 -1.18925149276755 -0.453974704388756 0.586103473490564 -0.662259275067524 -1.06241447690834 0.0719031249357189 0.426267087627826 -0.315830238506575 "BPRNACanProMet" "Epidish"
"20" "Gide_PD1_29_Post" 0.0555122176739767 0.90161675547283 0.0362456211955296 0 7.62421518394983e-05 0 0 0.00479301696647383 0 0.00175614653935027 75.0796916615938 12 344.228522974554 -1.35089530670411 0.357142857142857 9.14164055317061 8.40232686474657 -3.14727006775952 6.66666666666667 244.36539953768 45 18 208 10585.9721214687 -0.414132573135714 -1.30807431721667 -0.543276956853219 -0.207802117657039 -0.460039401075433 0.227550918822324 -0.697090397818509 -0.620714939865217 -0.119723639575638 -0.575452573698082 -0.782928854730146 0.0895030468226703 0.112918171204005 -0.0102009289567079 "BPRNACanProMet" "Epidish"
"21" "Gide_PD1_29_Pre" 0.0387403924932338 0.939376502813917 0.0199654105860824 0 0 0.00156061813484097 0 0 0 0.000357075971925261 8.49588724030633 10 79.5737982966486 -5.40963431580161 0.129737609329446 5.53730291025688 5.9793471263371 -5.50750403787878 6.66666666666667 159.476058717019 2 0 58 2646.95584291927 -0.497800759723715 -1.24054134082935 -0.680301094456906 -0.182429303047015 -0.857051998294328 0.222557905010368 -0.898675749101358 -0.340865042531038 -0.418417119927695 -0.47910700031506 -0.949976643458409 -0.119051557542371 0.185693311896342 -0.180872149461932 "BPRNACanProMet" "Epidish"
"22" "Gide_PD1_3_Pre" 0.0242541295666109 0.949236288485296 0.0188596010308028 0 0.001329479328395 0 0 0.00623769906818241 0 8.28025207131083e-05 23.9697747173393 8 248.301414786404 -5.25024157072867 0.0991253644314869 6.71131327206416 6.8681096146977 -5.18184458370005 6.66666666666667 848.807579803402 38 6 57 9301.71993871941 -0.100542027019325 -0.545808303094492 -0.563651053991342 -0.420529336383386 -0.982117893545457 -0.53997317456455 -0.754638591475377 3.26008587464054 -0.686416660689804 -0.135311788538629 -0.667041971327391 0.340035335548378 0.272815905584785 -0.638742444914538 "BPRNACanProMet" "Epidish"
"23" "Gide_PD1_30_Pre" 0.0149375649640637 0.956039181105762 0.0204189489494062 0 4.61622832044832e-05 0.00122287128892467 0.000235028264136002 0.00692951279270434 0 0.000170730351798681 401.28573373595 11 1254.22179917526 0.226900275848074 0.411078717201166 9.93143363606441 9.26329773242067 -3.16196026957797 6.66666666666667 2018.98720451239 3843 26 1117 56909.7616372639 2.95697576909656 4.37024088813051 3.76625238757519 2.26435231388369 1.53387641761398 2.90972230793056 2.60966561874637 -1.04722779020609 0.949262191958487 5.2734919386354 2.5087645406697 -3.95207926629126 -0.068067367385574 2.47992291550027 "BPRNACanProMet" "Epidish"
"24" "Gide_PD1_34_Pre" 0.126929125914593 0.824556477537906 0.0380663464988092 0 0 0.00201404297117445 0 0.00740895723791178 0 0.0010250498396054 191.604697489388 10 832.350699455514 1.17439353845048 0.599125364431487 10.3538834593353 9.86685976722331 -1.76915494214618 5.55555555555556 3570.47635071068 216 46 221 22929.2519373999 -0.180650797404247 -0.353240073516783 0.568375342461281 -0.141772513109744 0.00288518772632565 0.0730053575987326 -0.390433837770738 -0.28491194869345 0.448463310793641 -0.500566475210243 -0.314470761281831 0.565377431421805 0.297898613912887 -0.406585760213915 "BPRNACanProMet" "Epidish"
"25" "Gide_PD1_35_Pre" 0.132364489164813 0.714003766775045 0.106715593540984 0 0 0.00797247868473588 0 0.0367552284356516 0 0.00218844339876985 339.503240190723 13 1156.26273599415 2.13887753936234 0.664723032069971 12.016797873697 10.673397242328 -0.570708897058671 6.66666666666667 1695.31808497594 420 66 934 23392.6138157981 -0.532269599383965 0.756171891924457 -0.394958178291605 -0.701730058368381 0.430450056324023 -0.0890006718742977 0.29298825840558 1.39346496461307 0.843289625895432 -0.495729297376617 0.191563612803794 0.885437983081227 0.728367402036011 -0.256114285278264 "BPRNACanProMet" "Epidish"
"26" "Gide_PD1_36_Pre" 0.0539152444279271 0.887231000656755 0.0355742198641657 0 0.00448512376753089 0 0 0.0182624766016993 0 0.000531934681921901 100.335736903658 11 459.547340840178 -0.872493420014243 0.431486880466472 9.49596754188538 9.03148578141863 -2.88435094622397 5.55555555555556 1331.31742004278 423 16 180 11287.8799482985 0.224149281391013 -0.351131351625531 0.0838259271681946 -0.573224717166392 -0.627992908953641 -0.480776658828958 -0.254082424009288 -0.442322293763732 -0.349209610160895 -0.229344659299087 -0.286901115414436 0.258815750040472 -0.061703032671677 -0.707481640860714 "BPRNACanProMet" "Epidish"
"27" "Gide_PD1_38_Pre" 0.033943602484582 0.881920221916262 0.0383483469176584 0.00470127763511789 0 0.011012293049768 0 0.0300742579966118 0 0 703.379406934835 12 2291.82741520842 3.42856173613403 0.816326530612245 12.9988963720623 11.5217856054246 0.0291135850480159 6.66666666666667 1126.91094593 276 190 1153 58187.7790210639 -0.546710109337648 0.087785699879723 -0.670429411730808 0.00358522635718754 1.41072229719301 -0.22768173976766 0.889708914247417 -0.536169120603034 0.797843564391594 0.270403294811538 0.951036408053426 0.61960831557087 0.618306437192001 -0.0747930599413399 "BPRNACanProMet" "Epidish"
"28" "Gide_PD1_4_Pre" 0.033633908787064 0.864151986117448 0.0342790314877019 0.000866310568490831 0 0.00375836037008149 0.00244563510763038 0.0592561309309364 0 0.00160863663064695 2651.40242515164 11 4163.9275987399 5.30693149359145 0.959183673469388 12.8038082106069 12.2861095466771 -0.4866794612168 6.66666666666667 15225.7558064416 815 772 570 63415.7918251603 2.06257318365332 1.64131895465297 1.34060706083065 3.16121432899467 1.99352509436339 -2.9613215926019 2.23110261772119 0.553878746358939 -2.44524771052171 1.00455617188778 2.36595589696014 -1.85413998019082 -1.71382944912991 0.388016265401327 "BPRNACanProMet" "Epidish"
"29" "Gide_PD1_40_Pre" 0.126251860080229 0.815018682258063 0.0297175932865393 0 0 0.0162596287815352 0 0.012752235593633 0 0 439.954315923824 10 1238.62760371589 1.83393592459896 0.706997084548105 11.0957265263723 10.7062198499009 -0.979090113434108 6.66666666666667 5306.66366862856 420 46 254 19891.5931383245 -0.334873059312352 -0.335488138016946 -0.0877069300545245 -0.394374442102854 0.138794287154487 -0.151719044075144 0.385926487847611 -0.350222625150615 0.897708172473478 -0.0306262106800507 0.364040862163061 0.348743615546564 0.944402338450727 0.283015370124411 "BPRNACanProMet" "Epidish"
"30" "Gide_PD1_41_Post" 0.0325618563649911 0.832888427839656 0.0841044968287564 0 0 0.00201248796759013 0 0.039486390450138 0 0.00894634054886815 1386.65531769795 12 1973.0869172193 3.59517596562606 0.871720116618076 12.4175841811687 11.5324939967744 0.15564728166504 6.66666666666667 1162.35964417584 914 136 922 33175.4541386614 -0.577917874576438 -0.402879539300851 -0.428817457290456 -0.337676164080076 0.609613743529335 -0.749043885936291 0.316578370198383 -0.431684559252231 0.109886981616045 0.55885469306621 0.181041296740609 0.644243736277419 0.175431352882821 -0.0386712684900371 "BPRNACanProMet" "Epidish"
"31" "Gide_PD1_41_Pre" 0.0217492435699053 0.958854504351274 0.00763246627650057 0 0 0.00340693854492889 0 0.00811140555518401 0 0.000245441702207542 137.95952341176 12 700.699341608889 0.513059939851592 0.365889212827988 10.1112429877477 8.9880372167284 -2.56116028937832 6.66666666666667 243.37202105978 79 15 317 22180.2596335701 0.0853986092201905 0.141272159627751 0.0960786967020131 0.127187376228522 -0.297261218054236 0.199180727346315 -0.355106541230005 -0.639163768651337 -0.217160450810297 -0.0437821167475437 -0.383404797483377 -0.0895686899269929 -0.291270442435637 -0.2603971204824 "BPRNACanProMet" "Epidish"
"32" "Gide_PD1_42_Pre" 0.0562628430671006 0.898978964435666 0.040252948692147 0 0.000703845408132921 0 0 0.00380139839695385 0 0 93.9894680270082 10 368.368405431273 -2.1035554486572 0.332361516034985 8.35528128024751 8.39746735316803 -3.1223347670625 6.66666666666667 820.016521767696 84 21 101 10652.0542663672 -0.146247080917009 -0.388138943084739 0.0491915657266415 -0.218174791109952 -0.660885733261407 0.0855105338331665 -0.568065899906076 -0.299748013083245 0.583602786444264 -0.17405163238189 -0.56005154249277 0.843668149577135 -0.0686183420320612 -0.37705362346595 "BPRNACanProMet" "Epidish"
"33" "Gide_PD1_44_Pre" 0.197001440114803 0.708231638838464 0.0655829613895914 0 0 0.00707337680948683 0 0.0176633205562316 0 0.00444726229142288 842.383469745223 12 1485.86309090714 1.94903591657865 0.860058309037901 11.1131711689733 11.1059164210811 -0.719845577893093 6.66666666666667 3580.60563137754 911 112 484 25808.7720072529 -0.277977824675487 -0.750799024604787 -0.289433074527493 -0.180225037879122 0.286488403563142 -0.175917142708796 -0.00255846276287115 -0.261879445319026 0.379292701702758 -0.439352786915881 -0.098605676597578 0.612939467428123 0.464861706515528 -0.219129996107715 "BPRNACanProMet" "Epidish"
"34" "Gide_PD1_45_Pre" 0.0916762939552944 0.723488238444878 0.134107989021769 0.00292389404600787 0 0.00312362550881739 0 0.0414860809048435 0 0.00319387811839066 922.615889793798 12 962.81575981835 0.791479764078934 0.819241982507289 10.611727394417 10.914552163279 -1.02207057553659 5.55555555555556 3505.48721560423 574 214 423 38656.5296295775 -0.512700570909606 -1.00154077629493 -1.07266061644548 -0.811215798010083 0.450447629927292 -1.1410448384332 -0.107066374818742 -0.246694810634267 -0.0106455815824926 -0.64163642946524 -0.0581069941740138 0.599023586010395 0.597476175576504 0.032725007826537 "BPRNACanProMet" "Epidish"
"35" "Gide_PD1_46_Pre" 0.0498914240694779 0.89032982767086 0.0429564389663526 0 0.000365316282398193 0.000643040961674095 0 0.0154965331033544 0 0.000317418945883223 273.312989263225 10 814.922083910618 1.20923427136252 0.629737609329446 10.6072830897253 10.1215659887282 -1.94247501657972 6.66666666666667 2117.32085282149 216 68 364 25887.363384388 -0.210510900387244 -0.259737712817341 -0.688835336636485 -0.388728682082467 -0.00612273749908696 -0.218278583536729 -0.239314384425941 0.169679640327523 -0.0657758304220611 -0.481452034830424 -0.185890925639086 0.53012378065342 0.794134327017404 -0.205496018264193 "BPRNACanProMet" "Epidish"
"36" "Gide_PD1_47_Post" 0.0425091896091766 0.773447044480941 0.122586711368194 0 0 0.00239210862713719 2.52291790753747e-05 0.0570298617683234 0 0.00200985496715309 472.146079195836 12 699.068107004025 1.40413950304634 0.670553935860058 11.3995378742675 10.3412450746239 -0.828166454671604 6.66666666666667 1786.36531767356 626 63 783 25231.1355779475 -0.07459852667358 -1.10843865554511 -0.480817576254222 -0.86020267684833 0.24178654946425 -0.681494737780921 -0.0829782201427514 -0.183002505534629 -0.0356259544128149 -0.743187703164209 -0.150215073117309 -0.0484410997166095 0.694988881245224 0.243529217417677 "BPRNACanProMet" "Epidish"
"37" "Gide_PD1_47_Pre" 0.0291637229338897 0.829051775262625 0.061860556269635 0 0.00206486719528398 0.00641388491626916 0.000187944982579993 0.0701592345635199 0 0.00109801387619756 505.053027017956 13 1184.69609950387 2.17819306218952 0.706997084548105 11.6696471965708 10.504142740726 -0.949639234488046 6.66666666666667 2459.02402771228 324 83 779 33784.3912958412 -0.192641389777515 -0.694846705517181 -0.486770097083335 -0.588002443164665 0.410216158928989 -1.91331729772158 0.20467369933022 -0.186622918362372 -0.228623067210638 -0.364270387865088 0.327283006187991 0.178059792754207 0.314752677246672 0.225307788797447 "BPRNACanProMet" "Epidish"
"38" "Gide_PD1_48_Post" 0.157330273491687 0.589237935804694 0.1471483378809 0.0175346493164746 0 0.027207427425997 0 0.0475248543295766 0 0.014016521750671 2948.00617368757 13 1991.77575739422 4.68385969309416 0.970845481049563 13.1147527665336 12.3858334039075 0.95967620262317 6.66666666666667 7335.20895183951 1081 456 1524 44404.3958371593 -0.752704736094041 -0.185382114562458 -0.729479434745352 -0.640085813956993 0.849375902360369 -0.979463216686589 0.408621723138184 -0.436042042398737 0.678807814379435 -0.540449392729868 0.288666546153183 1.20340861278987 1.24675785017448 0.0701495639011026 "BPRNACanProMet" "Epidish"
"39" "Gide_PD1_48_Pre" 0.190205533203616 0.688138040474363 0.0898915985381864 0 0 0.00731847308514875 0 0.013998460073842 0.00110548621835016 0.0093424084064939 1284.75565385018 11 1441.29763079217 4.23182732304728 0.877551020408163 12.3306778983251 11.634927519414 -0.674197115995134 5.55555555555556 5464.79233153579 690 235 989 49803.2818759204 -0.0826359125644146 0.0074663465366731 -0.234860363083347 0.640351466956517 1.40926943640598 -0.0254669162872194 0.750486668643597 -0.367355286103705 -0.0471011715189505 -0.524848012313003 0.464971574008685 0.618706510815921 0.209430400679772 -0.227961791086088 "BPRNACanProMet" "Epidish"
"40" "Gide_PD1_49_Pre" 0.0297343489768005 0.931991665276306 0.0209040568923982 0 0.00613246026762622 0.00157934330623604 0 0.00943463708298414 0 0.00022348819764913 153.260628016461 11 538.165398140709 -0.330486485938436 0.448979591836735 9.762845076872 9.03342123866605 -2.64734725729561 4.44444444444444 274.725126349837 68 24 186 13905.0875744451 0.113793239060784 0.427714006523549 0.143420731251923 -0.215062525572688 -0.485954711180229 0.419432000029477 -0.429250921993534 -0.0563482424859094 -0.141708460431474 -0.169842717117958 -0.340643956608915 -0.116180262551866 0.168491701218447 -0.475222211945838 "BPRNACanProMet" "Epidish"
"41" "Gide_PD1_5_Pre" 0.0246755841548012 0.938162257061017 0.0325675619440746 0 0.000643101682852178 0 0 0.00370121838398453 0 0.000250276773270061 39.9479674076166 9 231.617059085385 -2.12095597570013 0.212827988338192 8.56050432469727 7.73691238247054 -3.50325799213243 6.66666666666667 407.676330860911 29 2 91 9521.8441820663 -0.397387799921798 -0.657783748191012 -0.16759581991471 -0.728328731451982 -0.502896183197545 -0.8328861955991 -0.700851469557828 -0.212208633043576 -0.307299821462346 -0.56081145817488 -0.739672520312747 0.0648798558422094 0.189584894032491 0.0162820298620985 "BPRNACanProMet" "Epidish"
"42" "Gide_PD1_50_Pre" 0.0342008969324983 0.912314323383657 0.0320019870997508 0 0 0.0149135204632455 0 0.00583542109257586 0.000194087531444244 0.000539763496828356 213.922205719743 11 880.458334208446 0.400664011896209 0.435860058309038 10.7788401824111 9.6111471261343 -1.82972035836098 6.66666666666667 637.053249729549 132 20 803 17050.0166701607 -0.42008580727895 -0.206982554599042 0.285330253541878 0.0676238788658309 -0.272250197953072 0.94488425762887 -0.062122500493896 -0.657026745253316 1.40463183527982 0.232528158365921 -0.159753713503708 0.327789715429521 0.562870193544054 0.0703163715559591 "BPRNACanProMet" "Epidish"
"43" "Gide_PD1_52_Pre" 0.0634484067151894 0.838190784396576 0.0307135788091988 0 0 0.00820676885339468 0 0.0361492164528293 0.0226766168570327 0.000614627915779483 164.757701185711 12 796.087779062605 1.05491240593422 0.5 10.1526820487909 9.74295000263129 -2.03512332560308 6.66666666666667 603.403398692479 116 40 425 33108.1791697998 -0.376087938664123 -0.351165758455045 1.25363448078104 0.0854210760512539 0.185406587066681 -0.527769905297439 0.0397866461874217 -0.301137671162926 -0.18675338554999 -0.536811830963462 0.0289863399107009 0.556147812581572 0.0663468122547739 -0.154528983211419 "BPRNACanProMet" "Epidish"
"44" "Gide_PD1_53_Pre" 0.317488057932257 0.513200604469013 0.139681364384467 0.00432870300968181 0 0.00434602868778911 0 0.0191649082618628 0 0.00179033325492909 628.34398230587 11 958.231488622416 1.23804223141251 0.760932944606414 10.5416958663817 10.7657018992878 -0.806546382761448 6.66666666666667 2512.36402869261 396 405 430 24477.3834075263 -0.697141996093492 -0.832882830314467 -0.689566309345556 -0.804349221294329 -0.106300630122259 0.589135411156891 -0.516547783151851 -0.216297523407159 0.695260319362319 -0.431333288644994 -0.520273872037591 0.815636203866204 0.584155704038558 -0.0499148745366545 "BPRNACanProMet" "Epidish"
"45" "Gide_PD1_54_Pre" 0.0808510754470714 0.844020132734961 0.0526334907957616 0 0 0.010509514080402 0 0.0119063509091353 0 7.94360326690128e-05 188.700715684917 12 821.865379403489 0.667564417409151 0.551020408163265 11.1696356434226 9.99585427752131 -1.32145491072437 6.66666666666667 314.183227178792 1079 54 304 22492.9102570903 -0.442013603685476 -0.154256977745622 -0.0651478400779364 -0.610219744408195 -0.260444473282557 0.315333576144712 -0.49625233567968 -0.9956384696155 -0.0577947070022026 -0.526368947079186 -0.472086945343769 -0.0702732829743569 0.00700295882439351 -0.0687662784453709 "BPRNACanProMet" "Epidish"
"46" "Gide_PD1_6_Pre" 0.285664484509086 0.663077272569419 0.0327393891208704 0 0 0.0132651901271411 0 0.00432058078925781 0 0.00093308288422586 193.261610517971 14 518.167549631864 0.145718671704963 0.676384839650146 10.2359248278734 10.3324168034208 -1.82873591803151 6.66666666666667 9467.30514049121 1085 125 212 18006.7695086179 -0.206592469199482 -0.885558823175059 -0.0042638868374857 -0.515292152867032 -0.285887857418054 -0.138600348403438 -0.349878947910302 -0.642275686203544 -0.301858846707184 -0.715909264278306 -0.327863746374087 -0.574758047074484 -0.0387325007460329 0.191597625176432 "BPRNACanProMet" "Epidish"
"47" "Gide_PD1_7_Pre" 0.0241818166986975 0.920660377146841 0.0187818117525773 0.00376762994559265 0.00584739353272692 0.00874321825689941 0 0.0171272914640886 0.00089046120257695 0 453.348872392995 11 1940.5152145133 2.13709393874595 0.702623906705539 12.736750738855 11.1388532879336 -0.174654576587661 6.66666666666667 409.280881630027 249 67 502 63765.1636359694 -0.514938587609757 0.392379164468984 -0.547808967974811 0.645466700026729 0.961120861175403 -0.47050938796218 0.728395539563665 -0.517981694954114 1.20016447498366 -0.142188435196378 0.886844680051409 0.555659257604871 0.92947197127336 0.0402540089533313 "BPRNACanProMet" "Epidish"
"48" "Gide_PD1_8_Post" 0.0237197349599426 0.938637441952763 0.0184347076511749 0 0.00123647175956149 0 0.00018319722057861 0.0177884464559794 0 0 416.362462405054 8 1086.49819953945 2.99742530140269 0.638483965014577 10.059309688608 9.86091957754842 -2.81449810760404 6.66666666666667 1343.17194267705 74 38 261 19652.8581289485 3.57988867262803 0.565841041898303 3.5460481322117 2.49363327093649 1.24126145739706 1.95924848016147 1.30484385901821 -0.185526692351623 -3.55172271639329 1.12257124726096 1.02959965643812 -3.17025828174582 -4.25753674955877 3.75684577191897 "BPRNACanProMet" "Epidish"
"49" "Gide_PD1_8_Pre" 0.0286457482985899 0.933390217186127 0.0306710683652143 0 0.000865762109993981 0 3.86652450261238e-06 0.00642333751557185 0 0 45.3752146000435 8 317.508895643344 -1.43814015568697 0.252186588921283 7.85625320611613 7.82107388779684 -4.59535107996031 6.66666666666667 471.848655047736 23 2 86 6737.78672786348 2.45978748076493 1.06433171220586 2.45586938079354 2.00044185560331 -0.228933233428506 2.43515210713203 -0.200263779890439 -1.38686422128046 -3.4672583742936 -0.21624751158962 -0.201786723396531 -2.20485683787073 -3.8020165763632 4.58560247832137 "BPRNACanProMet" "Epidish"
"50" "Gide_PD1_9_Pre" 0.147298933497216 0.832558557012534 0.0123547698371629 0 0 0 0.000704966434119462 0.00687868114654468 0 0.000204092072422915 148.835950294275 10 400.165030854454 -0.944676587951706 0.552478134110787 9.27300017585385 9.25683710114719 -2.31901258083542 6.66666666666667 1103.31221538179 205 28 161 9217.38315542992 -0.321667575141189 -0.717244289370554 -0.375629923138978 -0.158068494272607 -0.548379563769957 0.31183107626874 -0.440300096411659 -0.180976563463309 0.437011246924202 -0.0271074689929899 -0.423694399305322 0.491099600701969 0.565408804215062 -0.30415010795451 "BPRNACanProMet" "Epidish"
