"condition" "B" "cancer" "CD4" "CD8" "M0" "M1" "M2" "Mono" "Neu" "NK" "CYT" "IMPRES" "Roh_IS" "chemokines" "Davoli_IS" "IFNy" "Ayers_expIS" "Tcell_inflamed" "MSI" "TLS" "CTLA4" "PD1" "PDL1" "CMH1" "Androgen" "EGFR" "Estrogen" "Hypoxia" "JAK-STAT" "MAPK" "NFkB" "p53" "PI3K" "TGFb" "TNFa" "Trail" "VEGF" "WNT" "deconv_signature" "deconv_method"
"1" "Patient1" 0.068318731982234 0.887621700352515 0.0330876335260253 0 0 0 6.50833749303185e-05 0.010906850764295 0 0 57.7164629893413 11.7857142857143 383.309903228416 -0.800167486561193 0.420238095238095 9.53865510655239 8.55086958547778 -1.64241737451362 5.55555555555556 48.4202529304782 22 25 137 7784.08145984081 0.121934955665045 -1.92834075023762 2.40224388325326 -0.730259110172071 -0.172395179027286 -0.530017615839023 0.223785484712103 -0.161960808304885 -1.40177889048927 -0.936552383124433 -0.447746165308709 0.282321133296587 -0.635638433690102 2.58695067841038 "BPRNACanProMet" "Epidish"
"2" "Patient10" 0.017450534409697 0.953164931800694 0.0233127433837589 0 0 0.0020736686007145 0.00183074333464464 0.00216737847049114 0 0 246.25417783258 12.8571428571429 614.084083426898 0.737277144188633 0.602380952380952 9.40876337101081 8.97050472324142 -1.96388878956848 5.55555555555556 207.897186855473 79 33 118 9090.97026259721 -0.100089694438923 0.557672916938308 1.94453099698824 0.271517047543223 -0.133743840207421 1.17639859703207 -0.44171191909219 -0.676736648187694 0.458355193782567 -0.417468356412725 -0.369337878291828 -1.14713243509522 -0.487466106012828 0.238692786955023 "BPRNACanProMet" "Epidish"
"3" "Patient100" 0.0346591930322168 0.808745184264174 0.00321204229824337 0.0651528736300583 0 0.010630524950617 0.000187153387208972 0.0774130284374813 0 0 1904.5993489708 11.7857142857143 1569.37604044143 2.51022544529597 0.972619047619048 11.598765609246 11.1358514592263 1.43696808594065 5.55555555555556 247.335306704721 289 325 383 17323.1938757997 -1.52832052013295 0.459272567396071 -1.28483874388795 -0.898802438229436 0.160381430156176 -0.588564850970232 -0.271801368257586 0.18742747137014 1.29789290190991 0.140686627994031 -0.237213776198366 1.31788715923032 1.12346438350986 0.206236399290491 "BPRNACanProMet" "Epidish"
"4" "Patient102" 0.00703432609842789 0.986414941635258 0 0 0.00403936520182728 0 0 0.00251136706448647 0 0 101.833983031206 9.64285714285714 330.687570805269 -1.99238867706101 0.357738095238095 7.35918762346269 7.09676352720495 -3.14310761544587 5.55555555555556 778.016376421438 38 0 62 6024.23291967654 0.828665928097014 1.17543206386735 1.33668416854217 0.599598711299877 -0.313651734739166 1.32714823994854 0.536965366701652 0.740463752419216 0.501426324035116 -0.65435601151504 0.708932947740379 -0.295858830137107 0.710625951347009 -0.935808529869856 "BPRNACanProMet" "Epidish"
"5" "Patient105" 0.0354398170221731 0.914674819723055 0.0471395867971206 0 0.00269255818740949 0 0 5.32182702419771e-05 0 0 131.786418495989 7.5 166.541224463522 -0.254831175341633 0.473214285714286 8.73570487855365 8.52265237978065 -3.0068236016489 4.44444444444444 30.8636003295798 45 12 32 8819.72559279481 1.31248734511311 -2.57796479507086 0.742389890590623 1.55137241927527 -0.251651528932755 1.34105283176202 -0.0708982993791264 -1.13133552944921 -1.55092352010735 -0.581024044331601 -0.220706402292457 -0.319752732190834 -0.198760690430378 3.65559514774432 "BPRNACanProMet" "Epidish"
"6" "Patient106" 0.0478002205312165 0.89917360488148 0.00521214105429075 0 0 0.0428674752823748 0 0.00494655825063772 0 0 263.742014286689 11.7857142857143 1088.17388809904 0.815786332670256 0.600595238095238 10.6963027615779 9.58245934608841 -1.1242645176495 5.55555555555556 284.204946434883 168 41 293 18647.318092488 -0.0374365888096724 -0.489811654052629 0.898030216304872 -0.45866061555699 0.36326013886005 -0.705388706236017 0.295645464065315 -0.287324168099275 -1.48485419044442 -0.334086199775293 0.433367616145671 -0.612412829405445 -2.05625049407275 -0.303193958749646 "BPRNACanProMet" "Epidish"
"7" "Patient107" 0.00635526017522793 0.987525376164944 0.00468421412827063 0.000277565276174085 0.00115758425538363 0 0 0 0 0 0.01 2.14285714285714 0.327176295848144 -7.22926273897411 0.0238095238095238 2.14451427443614 1.43175155799174 -2.76510954069115 4.44444444444444 3.72823386080156 31 0 0 54.1884883926261 -1.91189152628833 0.187288218687076 -1.35500107278912 -1.68609453055831 -1.46139652221899 -0.0185231475198725 -1.62582908976853 0.0680635376350139 1.70849254617137 -1.23897400821692 -1.59000590115947 1.72666782459053 1.22715689958335 0.288319206398076 "BPRNACanProMet" "Epidish"
"8" "Patient108" 0 0.981522535756231 0.00353087695867442 0 0 0.00289946721813309 0 0.0120471200669614 0 0 0.574543296888929 9.64285714285714 6.54380721943163 -1.35864060724205 0.168452380952381 6.85274973676351 5.65970802259238 -4.11607254261099 4.44444444444444 2.22340471812644 0 0 0 2348.58723324519 -1.08587022004611 -0.622344604402814 -0.698377681959126 -0.680664891989637 -0.534849172955901 -0.0585574083388706 -0.842573919330027 0.392509526270838 0.886090588240637 -1.16221658424514 -0.982989702181102 1.38147028620057 0.628334156451987 1.29598392270356 "BPRNACanProMet" "Epidish"
"9" "Patient11" 0.0142492070067194 0.97606070426799 0.0032022767356975 0 0 0.00157807189774175 0 0.00490974009185179 0 0 96.2649474107788 8.57142857142857 365.804213680261 0.252087087555639 0.371428571428571 9.02139188961626 7.9033893997836 -2.36355314164669 4.44444444444444 32.2067006158746 32 15 91 4804.66503332838 -0.397334662324251 0.836949764789891 -0.250599715052219 -0.443005123727204 -0.566742036638651 0.946682740490926 -0.610641672837191 0.690952114957378 0.087279480806905 -0.240061021359982 -0.679824577163793 0.270180471656002 0.493048061927856 -0.896531645643694 "BPRNACanProMet" "Epidish"
"10" "Patient112" 0.0386959441971726 0.901743178364196 0.0511853708622076 0 0.00208601327260223 0 0 0.00628949330382171 0 0 119.157585155121 9.64285714285714 340.296520942939 0.0980121203566209 0.50297619047619 9.08147597907226 8.4119808865206 -0.828670886136292 5.55555555555556 59.7158540541435 90 44 63 8033.29509126526 -1.50946647420839 0.151910745138957 -0.990074807746775 -1.2570941783125 -0.698160635789659 -0.150080354839463 -0.996834469917708 0.240238557874748 0.986183834649665 -0.798959966434464 -0.980134398470666 1.30986881170629 0.959377211027374 -0.0899440032473311 "BPRNACanProMet" "Epidish"
"11" "Patient116" 0.0179347230744819 0.968486031548032 0.00895292380491192 0 0.00179275697158592 0 0 0.00283356460098864 0 0 57.8892917559025 11.7857142857143 351.91075620387 0.259482102430443 0.308333333333333 8.28680386246774 7.69803311642916 -3.3220231109185 5.55555555555556 221.344803546691 40 27 161 6445.30330811271 0.213019491581838 -1.48257162099836 -0.429928943869992 -0.0156143434198114 0.277738031612395 0.0855209368699455 -0.169282810003095 -0.0879461851766937 -0.151708038354799 0.397434154646706 -0.21759433128935 -0.750474467858189 -1.3833079443471 -0.860217227020356 "BPRNACanProMet" "Epidish"
"12" "Patient117" 0.0227470124829481 0.927291614070292 0 0 0.0145280793720491 0 0 0.0354332940747111 0 0 267.731955694497 8.57142857142857 1559.30598159003 -0.0969518264883499 0.714285714285714 9.32643098823174 9.45502221971093 -1.58618560181537 5.55555555555556 177.013189365725 105 64 158 14862.9539850969 -0.176623945422124 -0.131588475953781 -0.593939321033785 0.132057299619052 0.664875429217678 -3.00229384040976 0.640762230369435 1.30019924966043 -0.457623566497737 1.77255109037367 0.805550204349922 0.214232570525349 0.0811916485165799 -0.241347339527704 "BPRNACanProMet" "Epidish"
"13" "Patient121" 0.0507226932693537 0.882251107883334 0.041001015471264 0.00129860260579775 0.000135034436173602 0 0.000159322991729647 0.0244322233423473 0 0 399.697398165162 9.64285714285714 1063.52645875176 1.19170115115245 0.788690476190476 10.3400233476462 9.62699887656308 -1.13908567468154 4.44444444444444 189.537783988712 157 90 112 16126.9134453967 -0.467412985799754 0.284879870545381 0.432693793812976 -0.444964192856981 -0.169910890395406 -0.703702726213159 -0.373150539330263 0.369541156831573 -1.09488741051628 -0.341400256557402 -0.286414856725188 -0.0187452012489872 0.284874661618926 -0.664679766058117 "BPRNACanProMet" "Epidish"
"14" "Patient125" 0.125614069337777 0.557479892089143 0.0860603523760373 0.172746477065979 0 0.0211633057974415 0 0.0369359033336227 0 0 4315.04372284917 13.9285714285714 4522.3825428265 3.49861877338545 1 13.0344406710929 12.551629573555 1.64933178372202 5.55555555555556 6324.35951075438 560 998 737 48619.9026488606 -0.503780562295487 -0.0336474785204718 -0.727907800049319 -0.444968924182106 3.09246796139037 -0.961469678592727 1.67297038428721 -0.504842168491416 0.683877668999744 -0.52222217561953 1.72839981086039 -0.224577986299694 0.652238795528904 0.557380818549222 "BPRNACanProMet" "Epidish"
"15" "Patient126" 0.0621252079368556 0.892183218658465 0.027561373346745 0.00438005019425692 0 0.00242068715004425 0 0.0113294627136333 0 0 453.615575239651 12.8571428571429 2715.74923788755 2.19919153819706 0.861904761904762 12.0043575720036 10.7728677820012 0.0292183678773376 4.44444444444444 883.890042632857 199 128 379 42730.903375506 0.176292227848216 -0.373780366831094 -0.0743485141400083 0.105667957690015 2.17014460812656 -0.2588556465308 1.19706735436191 0.0967161105057029 -0.818200352106239 -0.0624418886430957 1.38158744730162 -1.02167798471534 -0.116961277772316 -0.380391093738893 "BPRNACanProMet" "Epidish"
"16" "Patient127" 0.0495850879712892 0.930950746918453 0.0184566441187737 0 0 0 0 0.00100752099148396 0 0 119.943320364245 9.64285714285714 312.540808266083 -1.32305506738185 0.388690476190476 7.83899733976961 7.74241524305679 -3.03815083855407 5.55555555555556 399.303627345293 62 13 81 6254.76318581372 -0.274423233900347 0.22784709152051 -0.808235757129918 -0.331934571938162 -0.516152403597348 0.462149085759494 -0.532351336317045 0.385931504956349 0.511997469160557 -0.752920109652254 -0.592410142393555 0.445711357017704 0.15769885555863 -0.978832947137472 "BPRNACanProMet" "Epidish"
"17" "Patient13" 0.0074303957413045 0.987799389288402 0.00344552472893974 0 0 0.00132469024135327 0 0 0 0 63.0816145956966 9.64285714285714 341.770586551949 -0.28310755384801 0.297619047619048 8.7139201662905 7.82195765993737 -3.99216789919264 5.55555555555556 339.43219617548 39 8 102 4016.2213762228 -0.737489751146929 0.242770535050453 -0.838243538532164 1.52939185346207 -0.638350031993441 1.81585336865268 -0.195547031367774 -2.89742764234203 1.09895664259519 0.426385476773458 -0.230638709189131 -1.89665420604761 -1.74294875730155 1.14617173440177 "BPRNACanProMet" "Epidish"
"18" "Patient130" 0.0536277782410517 0.902755237624103 0.0223371660453835 0 0.00181901235702218 0 0 0.0189408791631274 0 0.00051992656931228 343.02699616794 10.7142857142857 1227.51228375755 0.011859118383846 0.748809523809524 10.6152892825621 9.7638443975289 -0.570021148160911 5.55555555555556 64.2176064875996 60 64 103 18022.3642635537 -0.677086348396131 -0.287111568861529 -0.701762549619493 0.190813752933109 -0.0747472568630743 -0.659582806211351 -0.434840390589434 0.0349929069234262 -0.484540880250071 -0.714203010645594 -0.220104846715824 0.0242227996390336 0.449045112111784 -0.261697070440984 "BPRNACanProMet" "Epidish"
"19" "Patient131" 0.000212134103522135 0.952830595736537 0 0 0 0.00640007211818675 0 0.0405571980417541 0 0 0.01 7.5 68.9132032309319 -3.77930949213253 0.154761904761905 6.39504299920565 5.56325638237537 -4.44265664869289 4.44444444444444 22.6331520601915 557 0 249 2582.94986267467 -0.326585742519806 -0.156222193676541 -0.554162961736692 -0.649990935669122 -0.521496810422664 -0.319459634380605 -0.482190310904959 -0.96092126703895 0.976139421296915 -0.460303098958086 -0.52635956060003 0.644027634928344 1.39354622123864 1.0073525356257 "BPRNACanProMet" "Epidish"
"20" "Patient132" 0.109721544793454 0.845552044986506 0.0132764678705432 0.00255074695105229 0 0.0102334973894389 0 0.0186656980090061 0 0 416.31554150668 10.7142857142857 1687.41714835471 2.52291502750842 0.832738095238095 10.6137294370941 10.5573493084073 -0.12088832968315 5.55555555555556 3574.4154375647 347 116 134 15914.8397500205 -0.538304096202897 0.0466805475467739 -0.648710065931693 -0.528314142307497 0.316602242722285 -0.487052922563198 0.378895342178347 0.0519958475716717 0.226142053277915 -0.450078470984748 0.342700523250337 0.667911128665291 -0.110166092619908 0.231521252153026 "BPRNACanProMet" "Epidish"
"21" "Patient133" 0.0338450995338191 0.93955882228032 0.00601028252791081 0 0 0 0 0.0205857956579507 0 0 197.448651805982 12.8571428571429 1316.14151394395 2.15625688052288 0.696428571428571 10.9871087175598 9.80780026973238 -1.52513699616084 4.44444444444444 391.740108784264 187 49 212 20428.2508326141 0.559196780852851 0.272309403355612 -0.198246298002109 -0.111215242793407 0.706988956604386 -1.51418299279658 0.951378111928665 -0.353263426778664 -0.869077850888658 -0.00308135303777985 0.857005557306209 -1.09182751244051 -0.00839130226211388 -0.518896839122969 "BPRNACanProMet" "Epidish"
"22" "Patient134" 0.0740354814129305 0.866612608680339 0.0375165828831078 0.00618029040354642 0 0.00286419015957733 0 0.0127908464604987 0 0 385.866311175257 11.7857142857143 1524.62045525119 3.16455118948903 0.860714285714286 11.3188481766986 10.7433250245125 -0.823047648223003 5.55555555555556 2354.08413958356 243 90 278 20835.1167168328 0.457711281254288 -0.104477072988867 0.661682780800862 0.100327178667372 1.12724811923591 -0.289860919755394 1.33866194670885 0.441187633428704 0.124035027318337 0.311114678220577 1.21022174921952 -0.490316298242701 0.030349080714164 1.19907019422249 "BPRNACanProMet" "Epidish"
"23" "Patient135" 0.0217100660989643 0.961461809441569 0 0 0 0.00151343953845573 0 0.0153146849210108 0 0 122.682272965576 10.7142857142857 474.247748449501 1.73243515503485 0.530952380952381 9.53684283576673 8.78636585909647 -1.6907685033101 4.44444444444444 694.106969815435 981 22 101 7764.98512346629 0.568470778475821 -0.423137953926158 1.03242316860135 -0.539104377186807 0.136353674790466 0.0989474551390255 0.0217437609293843 -0.946953491289202 -0.169130301354085 0.0577125239225984 0.115638655499485 -0.0746547728555324 -0.47796349072023 0.992838704318831 "BPRNACanProMet" "Epidish"
"24" "Patient137" 0.0620740176847465 0.822086396693481 0.0413396190219089 0.0361968150563175 0 0.00825393965590303 0 0.0300492118876434 0 0 847.549125478871 11.7857142857143 1873.01559441265 3.9231012714236 0.95952380952381 12.0839166070754 11.536328567384 1.04252078816737 5.55555555555556 742.568414981213 255 295 278 26792.2495990333 -0.785822383214801 0.484280493482215 -0.630227321009887 -0.662550625342988 2.23268032762903 0.0736368115475993 1.01916859317876 -0.361779372826481 1.29034439805275 0.20247864546203 1.03865723585872 0.725232258294742 1.1490620173968 0.398381155911942 "BPRNACanProMet" "Epidish"
"25" "Patient14" 0.0170512255046128 0.962104654562891 0 0 0 0.00320286764020136 0.00205594266527623 0.0155853096270191 0 0 177.64194352686 8.57142857142857 631.94994765429 1.22776944650656 0.58452380952381 9.56411358945863 8.83650749418751 -1.36414952633977 5.55555555555556 123.890039967113 42 22 69 7988.08800681451 -0.500691926833551 -0.551315394983785 -0.484742354379795 -0.0396711364701692 -0.304866497265315 0.0360468232341076 -0.208092291724168 0.0933175982718316 0.790944120034174 -0.472248354858966 -0.247671709932431 0.77028687357283 0.511782416475966 0.272583990799862 "BPRNACanProMet" "Epidish"
"26" "Patient140" 0.0194321969989562 0.967156495791811 0.00591041261241512 0 0.00299354448270012 0 0 0.00450735011411785 0 0 24.4640573086314 9.64285714285714 388.41683074994 -2.08935657321357 0.188095238095238 7.5135056832824 7.20357516552798 -4.05621521102479 5.55555555555556 71.879896278597 501 17 55 9323.78735895175 1.61587437595466 0.753072869510019 3.83984083282749 0.431974243534289 0.486251716999806 -0.258308262153397 0.744114798696513 -0.586207554330216 -0.886186883859555 -0.178756458618554 0.145110413682653 -1.13507205887895 0.611107279691686 -0.4522002928518 "BPRNACanProMet" "Epidish"
"27" "Patient141" 0.000825871285142914 0.997807450560397 0 0 0.00136667815445967 0 0 0 0 0 0.200249843945008 8.57142857142857 50.0598289309115 -5.12116402751746 0.0601190476190476 5.2732796616689 4.6171981935737 -4.7246093508571 4.44444444444444 4.53992719713577 0 0 58 3504.57252742978 0.0732156608800763 0.446652718861723 0.423871519844609 0.509203194118839 -0.538296906204809 0.34169545159221 -0.236995445000783 0.296201587503933 0.922483274626166 -0.162326196780874 -0.302089775817488 -0.443332611779163 -0.165250453670993 0.046043367116108 "BPRNACanProMet" "Epidish"
"28" "Patient143" 0.00657740640013155 0.989766757939492 0 0 0.00108656377927456 0 0 0.00135087468074982 0.000710855609747885 0.000507541590604199 0.01 0 0.0756932829422487 -5.41806741817264 0.0238095238095238 5.24490985702489 1.87910915318719 0.273421399602117 1.11111111111111 1 0 0 0 1.58422603466559 -2.01889768477669 0.144492783447355 -1.29162967890544 -1.74048771278507 -1.47294615907952 -0.144458619472042 -1.63537569196711 0.203408911713015 1.79887036393367 -1.2229506648735 -1.62577658435699 1.90202163728298 1.48463218760401 0.238298844414569 "BPRNACanProMet" "Epidish"
"29" "Patient144" 0.000888953313455269 0.988665778888163 0 0 0 0.00107081194775625 0 0.00937445585062594 0 0 33.0610057318285 8.57142857142857 166.009593942047 -2.80707205271924 0.471428571428571 6.03186472486431 6.18798143035665 -5.2830638142441 4.44444444444444 90.2326623743576 30 0 0 4533.49038211508 1.67528268925015 -1.10548904408473 0.516264759407902 -0.141935014843795 -0.449368194517672 -0.439538921076171 0.14095053724313 -0.418216518584523 -1.40150255071237 -0.127745115079357 0.064138251699689 -0.0906613550535096 -0.197586139697082 -0.17442086061704 "BPRNACanProMet" "Epidish"
"30" "Patient145" 0.0144595218400263 0.960816247337926 0 0 0 0.000659083465091867 0.000196400298077352 0.0238687470588789 0 0 319.999156405138 12.8571428571429 1040.55611463477 1.72288705523217 0.648809523809524 9.93884423879029 9.4420043534226 -1.46462422110213 4.44444444444444 229.550895670417 328 24 149 11242.8094877766 0.492606923211437 -0.287207147593966 -0.764200715539876 -0.022833820291422 1.03750837917047 -0.434792277098671 0.610427678553923 0.340810435779221 -0.912076067467964 0.575713658658519 0.67190794105535 -0.449779656514392 -0.690750509742178 -0.0733365560036423 "BPRNACanProMet" "Epidish"
"31" "Patient146" 0.0150030443347927 0.965984450596412 0 0 0 0.0137622091823373 0 0.00525029588645787 0 0 45.4526137862279 9.64285714285714 235.143721275748 -0.876238619353805 0.278571428571429 8.11488011655151 7.31825083467995 -2.97589595652641 5.55555555555556 50.0586032939569 37 12 45 3555.12928183093 -0.752145997217653 0.0697952824016296 -0.904018407533412 -0.608045411511661 -0.939597419061123 0.0361476569946594 -0.946490001546121 -0.0909418881320732 0.619061503764797 -0.580328110227928 -0.881007698423781 0.686501086932104 0.73816318552761 -0.671490146347267 "BPRNACanProMet" "Epidish"
"32" "Patient147" 0.0132222443896483 0.976175657404866 0.00480977441871459 0 0.00356182359853063 0 0 0.00223050018824014 0 0 15.9166610820235 10.7142857142857 174.734155937195 -0.932638565970038 0.143452380952381 7.98799215485467 6.60703788608502 -3.61462429758883 3.33333333333333 114.321943364139 15 0 20 4416.05155767672 -0.109966084558575 0.332398601303132 -0.281448672079731 0.728654522318273 -0.545054770389761 0.869570222357252 -0.462140626693762 -0.107989966497456 0.0793979359130807 -0.397780334084625 -0.385785733047975 0.0146043680549135 -0.942181303148457 0.952325073191177 "BPRNACanProMet" "Epidish"
"33" "Patient148" 0.0303016085830987 0.951195968083134 0 0 3.88535842421126e-05 0.00147567708551012 4.38559382545904e-05 0.0169440367257606 0 0 48.1988599450236 10.7142857142857 308.550805433994 -1.35478916912348 0.277380952380952 7.41415726448641 7.47322007700763 -3.32630001432272 5.55555555555556 36.39485710767 9 21 81 4279.36163348732 -0.11662600317934 -0.811399319410766 1.54707713065393 -0.713285638703699 -0.633840243468079 -1.3816845179841 -0.368020473888712 0.0866856358407862 -1.23875236236528 -0.751445126245678 -0.490474648209792 -0.40758771330238 -0.208964703130223 1.20229307886572 "BPRNACanProMet" "Epidish"
"34" "Patient15" 0.0433654116791655 0.927718154828478 0 0 0.000930611923782812 0 0 0.0279858215685733 0 0 362.92183745264 11.7857142857143 626.724779032562 1.43304636342602 0.792857142857143 10.7722499661037 9.63990099158758 0.221719007510902 4.44444444444444 134.933462435755 141 64 152 5835.1115596829 -0.326927611895922 -0.56148547504511 -0.459235740597334 -0.798266280519187 -0.289767225003309 -0.308081241867312 -0.640245131667654 0.0672706950177441 0.912406537606312 -0.87710773081444 -0.632952817033202 0.795556429732495 0.67704933637415 0.650331368171355 "BPRNACanProMet" "Epidish"
"35" "Patient150" 0.0295787350943446 0.955477670890636 0.00899649448862174 0 0.000893563578438206 0 0 0.00505353594795939 0 0 103.355600235304 9.64285714285714 501.783164324213 0.701922059299649 0.498809523809524 8.42767646968916 8.41357975397864 -3.31855789069774 4.44444444444444 623.802985957685 50 8 65 5760.07955039885 0.775935338297588 -0.804976781932804 -1.32829333179013 -0.20411363008074 -0.289603286495819 -0.878813164377219 -0.309043036305531 0.246228216445715 -1.14444969731517 -0.0409757340669204 -0.412677390738462 -0.106112204194396 -1.57947763841372 -1.32864329836809 "BPRNACanProMet" "Epidish"
"36" "Patient155" 0.0256888674823385 0.94639572309932 0.0163190914204886 0 0 0.00448575174027935 0 0.00711056625757324 0 0 68.9810126049191 6.42857142857143 381.652215784191 0.799793141781152 0.278571428571429 8.6583139391496 7.75706616246247 -2.53279396910534 4.44444444444444 206.766852967879 92 7 59 8965.34045403578 -0.669847363950968 0.850058260630384 -0.8210630118967 -0.294257544272982 0.0833848201378072 -0.360998293267908 -0.439789837746839 0.759208779549178 0.376028411680914 -0.247328013106623 -0.37400676554024 0.78748841918494 0.0707163882715197 -0.385758541824283 "BPRNACanProMet" "Epidish"
"37" "Patient156" 0.00622006010993576 0.980196990389565 0 0 0 0.00856797430809971 0 0.00501497519239995 0 0 56.3336498018724 9.64285714285714 468.555314788785 -2.02928383830527 0.291071428571429 6.82416264571263 7.38580547253855 -4.49623277701977 4.44444444444444 878.554105646003 610 2 160 14010.8708524902 1.81494279275284 -0.78275800641363 0.74229275225761 2.57614373364031 0.430232471314489 -2.06813760711262 1.4969598118581 0.189967045930016 -2.13118526066766 3.34690635501611 1.76566404290285 -3.71873921577151 -0.917780608354438 -1.44199945374799 "BPRNACanProMet" "Epidish"
"38" "Patient158" 0.0292489285724628 0.937658958151552 0.00422502835049186 0 0 0.020727519737266 0 0.00813956518822757 0 0 348.426448622948 9.64285714285714 432.335940549074 -0.0455850615346523 0.592857142857143 9.56231347083724 8.8840846768895 -2.0012707914696 6.66666666666667 102.534097844481 125 16 55 3820.93360249069 -1.01762465765612 0.722569976301514 -1.42202445027012 0.741951664311768 -0.88603545929416 1.03800405407852 -1.01640580946425 -0.813270519402992 1.26261598519314 -0.46029781995387 -0.949147653908257 -0.393724237880589 -0.259946591589246 0.282589167458856 "BPRNACanProMet" "Epidish"
"39" "Patient162" 0.0585162459712528 0.901130121522713 0.0303405898957432 0 0.00246682441980339 0 0 0.00754621819048731 0 0 133.770998725434 9.64285714285714 443.231029630273 -0.937268797083409 0.42202380952381 9.5725666761533 8.60088272617189 -1.10440312921323 5.55555555555556 87.4705808703814 67 22 349 8472.59480259875 -0.515072393515088 -0.67694661115875 -0.0259364791953583 -1.03386162988057 -0.12421414077009 -0.429175508350735 -0.746043702842133 0.0460944258063213 -0.298943932689048 -0.927365421536294 -0.751514748065976 0.646341912408483 -0.294661107308832 -0.413577035820107 "BPRNACanProMet" "Epidish"
"40" "Patient163" 0.0597773711059621 0.902517684498595 0.0352380115314148 0 0 8.22881063480158e-05 0.000283033557360604 0.00210161120031919 0 0 155.435581833762 8.57142857142857 381.785252848031 0.344437133219029 0.517261904761905 8.63329945518173 8.39496955156366 -2.61254088649621 5.55555555555556 425.62423580335 26 5 48 4875.04518431766 -0.0597686556176467 -0.952297281448333 -1.14294963953236 -0.675050153066023 -0.815247368300203 1.00946490810179 -0.921989598818343 -0.981977109162204 0.990209524646047 -0.269812674458758 -0.77919438950931 -0.081091417744181 -0.708716839701548 0.242669995002455 "BPRNACanProMet" "Epidish"
"41" "Patient165" 0.00694429641093637 0.980491378071152 0 0 0 0.00838770519466467 0 0.00416739707081692 0 9.22325242966893e-06 211.972734331565 10.7142857142857 741.651717851816 1.35225542508813 0.638690476190476 9.7086298647166 9.29379485984929 -2.40482033794668 5.55555555555556 600.770839544077 195 16 218 8086.43297465139 1.95604573386051 0.355395611356825 2.35094385087572 1.20383973584754 0.407658482323529 1.30905455810742 1.62844993071556 -1.99172348767309 -1.28670210698071 0.701428751103274 2.00092168573997 -2.55966213995609 -0.586370449522977 -1.1133283805927 "BPRNACanProMet" "Epidish"
"42" "Patient166" 0.00758213899699309 0.989593936979188 0 0 0.0028239240238192 0 0 0 0 0 1.01 8.57142857142857 124.92514765799 -2.13806593581381 0.0571428571428571 6.55537527943559 5.14995499869712 -5.03486347228692 4.44444444444444 32.8696658888068 6 0 23 4336.05543702855 0.453995454335494 0.0835284755993408 -0.23679544958599 -0.140939768524666 -0.543140108821528 0.274914397553844 -0.511922112768469 -0.0364236773405994 -0.527549116955398 0.296751251325405 -0.42082161853048 -0.328424648132924 -0.123679963299974 -0.770409815469659 "BPRNACanProMet" "Epidish"
"43" "Patient167" 0.0244838220693795 0.962342329167718 0 0 0.00362330891660248 0 0 0.00955053984630015 0 0 927.055872156581 9.64285714285714 1980.7746218441 0.478986734631951 0.890476190476191 11.0230027132742 10.7713361719895 -1.17935949436726 5.55555555555556 458.103403835591 1792 225 223 31422.4795962071 2.34902855227636 -0.285425445856558 -0.272616325020758 1.49221195802916 1.61961873456515 -2.04316725708326 1.56449353511075 0.230813188046961 -3.93457693230015 0.411610770088101 1.91493527114153 -2.1196708687252 0.0215630512366298 -2.96906312857173 "BPRNACanProMet" "Epidish"
"44" "Patient168" 0 0.973694898431046 0 0 0.0134610727896733 0.0103082281907252 0 0.0025358005885551 0 0 115.111728768184 7.5 282.955050874748 -1.62225782918689 0.325 6.61521286047454 7.17929036996701 -4.984947331628 3.33333333333333 530.884451746951 488 9 22 4721.62803106675 2.4482892488028 0.707449612787546 2.25384531066649 2.67806235445728 -0.233575665066541 -0.21771439610467 -0.125524252169544 -0.395648298439689 -2.00808957929969 0.618983076245794 0.387625554101677 -2.20135838427537 2.3600911316853 -1.36335974598765 "BPRNACanProMet" "Epidish"
"45" "Patient169" 0.0355914730947805 0.92908569532772 0.00479027218588634 0 0 0.00206118966290874 0 0.0284713697287048 0 0 535.12778857017 11.7857142857143 1969.28297028014 3.84455560964216 0.870238095238095 11.3912071465567 10.6855499430007 -0.841046206732674 4.44444444444444 1449.68878562484 258 52 388 13844.1289792581 1.68963152937122 0.16121184442199 0.934728746344566 0.291651600758766 0.963999235687459 0.551997353447995 0.97617688738139 -0.155651158028061 -0.847369932200044 -0.208739483486472 1.04610103977042 -0.869911225089697 -2.10307732098058 2.55997103476848 "BPRNACanProMet" "Epidish"
"46" "Patient173" 0.0130985382906129 0.962271101469601 0.00270264774512105 0 0 0.000563160673604702 0 0.0213645518210606 0 0 44.2829549601198 8.57142857142857 423.34912278903 -1.09333735154486 0.263095238095238 8.30558129763107 7.72741386347512 -3.04315684445416 3.33333333333333 144.387088202634 589 2 62 12773.9819971326 1.45967625080046 -0.756835291450904 0.766527496104207 0.175685371536637 0.256704271751391 -0.340928162774335 0.334885284782599 -0.717354117683902 0.0408989129657816 -0.320606254079573 0.534246857896636 -0.782596095620508 0.911209897365393 0.534084226384818 "BPRNACanProMet" "Epidish"
"47" "Patient179" 0.0229658282843404 0.962451348427945 0.013608857380504 0 0.000973965907210758 0 0 0 0 0 0.01 6.42857142857143 7.34975159063661 -5.48829913128243 0.0369047619047619 3.61532749515153 3.33541802066355 -5.56579989607597 4.44444444444444 4.84850096362729 0 0 26 1046.93422520112 -1.61115641918521 0.0599206697382716 -1.10995166942793 -1.50286099546955 -1.34176205028999 0.108344105913308 -1.38980593003666 0.0425347414783214 1.27455862735162 -1.20450757670568 -1.39407749020339 1.53500785160808 0.898071959456274 0.348478326565673 "BPRNACanProMet" "Epidish"
"48" "Patient18" 0.023060520715686 0.961891828126799 0.00884871111036645 0 0.00251833885137742 0 0 0.00368060119577093 0 0 32.537518344213 10.7142857142857 431.802840458405 0.698881463340082 0.346428571428571 9.8847360326973 8.47917241069805 -2.83210895765481 5.55555555555556 104.337409553503 41 18 103 6098.33404487721 -0.0239522384507716 -0.399177471714672 1.24430236003019 1.47853738360655 -0.0780496363770764 -0.00925303620049522 -0.135256474132835 -0.382998176016473 -1.14900830843654 -0.46971582149448 -0.36945513847783 -0.627861841575523 -1.45438377716145 0.0563743644162624 "BPRNACanProMet" "Epidish"
"49" "Patient181" 0.0354240691205598 0.908291108407653 0.0243895009628731 0.00688926466454234 0 0.00447306143571212 0.000428416334011857 0.0201045790746477 0 0 584.038705994731 12.8571428571429 1101.46117431736 3.0456430773045 0.813690476190476 11.3584347088904 10.3552024113491 -0.63469740652906 4.44444444444444 206.262664924484 212 149 335 16035.2840000139 0.796226769206303 -0.798260508167946 0.448549689307111 0.229948926773737 1.16772127661475 0.157591076922686 0.928481374286153 -0.033393025510714 -0.0239515928621788 0.604241275766543 0.73413044687606 -0.502119388245742 -0.00658201760018693 -0.483314302558125 "BPRNACanProMet" "Epidish"
"50" "Patient183" 0.0960888476238716 0.860865357790759 0.00240487361481619 0.00334167994188871 0.000819130390423149 0 0.000377957929212816 0.0361021527090282 0 0 356.934616001306 9.64285714285714 673.808320973912 0.729676142988128 0.697023809523809 10.8823631941513 9.95851100994656 0.116404521661812 5.55555555555556 55.3240212877974 178 0 0 9177.68794192956 -0.581652898899959 -1.07816237463061 -0.748892627236216 -1.07888227357786 -0.0992127027714797 -0.186181198944424 -0.506012570426864 0.331935966893909 0.746032852581237 -0.674375159589796 -0.443824779050352 1.07229070961472 0.434315849998328 1.03059461417024 "BPRNACanProMet" "Epidish"
"51" "Patient184" 0.0264410337509088 0.95584725253922 0.000391613655989333 0 0 0.00932295099330006 0 0.00799714906058159 0 0 0.300166620396073 9.64285714285714 104.469477610258 -3.97817811920557 0.080952380952381 7.46299500211045 6.03407309346727 -4.10502246232847 5.55555555555556 15.6665404385052 176 0 0 5999.36003720153 -1.29846312818863 0.565704003114799 -0.751882336705603 -0.527640077048525 -0.897251620288961 -0.390913146222494 -0.857374189965492 0.321145417071948 0.665969944522436 -0.290757430609232 -0.829637561283585 0.472730993951746 0.772121864107688 -0.625124249797986 "BPRNACanProMet" "Epidish"
"52" "Patient187" 0.0282513284461076 0.943713452981462 0.0158058496815364 0 0.00496793691206417 0 0 0.00726143197882965 0 0 66.7862268735104 9.64285714285714 678.950065717413 0.979974013676742 0.382738095238095 9.36497482988601 8.46777658933193 -1.57460547261953 5.55555555555556 195.296000836927 61 3 104 10336.3332156766 -0.132498178858148 -0.521588624219285 0.857185228376269 -0.519726757422527 -0.0691789849554163 -1.45703136040137 -0.122467828739981 0.0969711395008446 -0.270542889936871 -0.516582635434554 0.0466266522601705 0.139716130806805 -0.747808984993023 -0.587177200100098 "BPRNACanProMet" "Epidish"
"53" "Patient188" 0.00653633810223547 0.982746575248786 0.00706495787102393 0 0 0.00148783894617252 0.000549736839539391 0.00161455299224323 0 0 70.2955909001411 10.7142857142857 280.24943350746 0.434853954175833 0.295238095238095 8.41026935172818 7.50710863910838 -3.58982661548249 6.66666666666667 263.901243144462 44 12 12 2863.06236950355 -0.35078496538329 0.826480812394136 -0.704028390462628 0.115340385478709 -0.730573179544726 2.16625064238883 -1.05641517017892 -1.33045609782234 0.758863786371787 0.391354033029665 -0.940061275920665 -0.734308183942303 -0.852782741380682 1.28160428892051 "BPRNACanProMet" "Epidish"
"54" "Patient189" 0.0279482614306422 0.908702218418961 0.0280919560163621 0.00165523231921341 0 0.000930438576719525 0 0.0326718932381011 0 0 174.990542887323 11.7857142857143 965.588429264932 1.78108512963745 0.631547619047619 9.76782479080887 9.31594517077943 -1.40263523894079 6.66666666666667 226.097049240914 120 41 132 17828.4657367536 -0.218664650603412 4.05967904762665 0.147020224921288 0.15817050246611 -0.350190237928925 -0.578798267461071 0.794753411097161 7.4968070732407 0.347262867579023 1.43614217266592 0.934925142425208 0.700279601520515 0.579175239328107 -1.60705931489476 "BPRNACanProMet" "Epidish"
"55" "Patient191" 0.0242427673027015 0.948727460974729 0.00353480595261894 0 0 0.00225452865810567 0 0.0212404371118451 0 0 179.637607699502 11.7857142857143 1490.98816162633 2.58566426602005 0.636309523809524 10.8656265867855 9.97019697622945 -1.6143587789877 5.55555555555556 423.730978562239 241 71 297 15024.9300160141 1.04095393525265 1.42448625251356 0.889806355331201 1.85359480885142 0.514851284766049 -0.754278782677305 0.992888814211514 -1.24492795711029 -0.259760532427486 0.306301624771503 0.763603230454187 -1.31724260037618 0.389067424370239 -0.338580715934887 "BPRNACanProMet" "Epidish"
"56" "Patient195" 0.0510949438691186 0.930249355467428 0.00665066891762593 0 0 0.00731259742346007 0 0.00469243432236722 0 0 225.629209323616 11.7857142857143 687.956619106643 0.543254667587989 0.77797619047619 8.5346855445019 9.23600311495694 -2.52821672545634 5.55555555555556 2933.42492020714 71 48 35 5284.52708856284 -0.159539687985662 0.761898390410531 0.306506597616614 1.47004299674404 -0.545235190814043 0.331405257028553 -0.123400908362435 -0.941166805437619 -0.359061488751966 0.189677914695563 -0.0700396010931883 -0.563022432405335 -0.423034448856018 -0.0225696455541684 "BPRNACanProMet" "Epidish"
"57" "Patient196" 0.0123349554954699 0.972689287873091 0.0118641446210499 0 0 0.000296105911390219 0 0.00281550609899932 0 0 25.7596603238474 8.57142857142857 207.417682771262 -2.44023604396404 0.183928571428571 6.70424396621698 6.79211374139161 -4.57170335310587 4.44444444444444 236.103448011701 169 5 198 6468.49334810648 0.0075890058160094 -0.0492660687590447 0.223890782903894 -0.134020023965113 -0.336368745983022 -0.31166867370534 -0.333350819757878 -0.339375227018982 -1.07821143822623 -0.753545166997097 -0.407709808494744 -0.737648983911594 1.62299002013188 -0.531996054137364 "BPRNACanProMet" "Epidish"
"58" "Patient197" 0.00877449834415843 0.988114568391817 0 0 0 0.0031109332640247 0 0 0 0 13.2845812880949 6.42857142857143 84.1789370256218 -4.12048178984768 0.141071428571429 5.64205667074112 5.70868936343519 -4.82828819633998 5.55555555555556 15.2226492273014 10 0 14 1494.63115478044 -0.152454466820694 1.00421715576462 -0.706490769816602 0.44573996590801 -0.770035198475189 0.497138807731395 -0.805312052262064 -0.46598817762918 0.238009599475291 -0.689598937706127 -0.789089254657934 0.260656624072305 0.653365597794537 -0.650742575068596 "BPRNACanProMet" "Epidish"
"59" "Patient20" 0.0142480988080917 0.954408416281743 0 0 0 0.00656436208536146 0 0.024779122824804 0 0 299.527962133755 10.7142857142857 1355.20886612073 2.90663578850085 0.720238095238095 10.91647125336 9.84070342028052 -0.347561317298671 5.55555555555556 140.645654319774 116 53 3412 14254.4882675202 -0.611871228337436 2.84467378562003 0.300379947257868 2.19148639270195 0.390567111798017 2.74343346901984 1.11232773876224 -0.0147495826153354 1.4395612590042 0.445789009341532 0.835170077109071 0.59266630403377 2.16728544143653 -0.08984846833222 "BPRNACanProMet" "Epidish"
"60" "Patient200" 0.0292323583822225 0.940007679580061 0.0178075269752265 0.00255234001274972 0.00466015009169784 0 0 0.00573994495804206 0 0 570.487519670676 9.64285714285714 1166.32963007896 0.552696647737412 0.872619047619048 9.95960697224882 10.1199828040209 -0.273309200541544 4.44444444444444 235.177690055223 188 96 205 23522.012433858 -0.0783301598599786 0.132668144741584 -0.646185117361243 -0.360024585327985 1.00489049323262 -1.24543335447419 0.181923309231458 0.27703504478417 -0.727222123268823 -0.698312533091442 0.444303232871946 0.246725182883947 -0.173446632368408 -1.00349789676221 "BPRNACanProMet" "Epidish"
"61" "Patient201" 0.00605761639037753 0.989164761875799 0.00377063018166515 0 0.00100699155215811 0 0 0 0 0 3.75367819611644 6.42857142857143 18.8050314588338 -5.62750480740011 0.0690476190476191 3.57983310927847 3.48333955712867 -4.67287428597528 5.55555555555556 68.9300903488778 9 0 0 1243.78574375279 -1.48238402798028 0.35729676050456 -1.26931332294268 -1.26907737591264 -1.28290330865139 -0.0430019658923621 -1.41602940465139 0.205082610060439 1.27842613882705 -0.568818576889429 -1.37322582279297 1.41189498065259 0.845519060862828 -0.00993532861299978 "BPRNACanProMet" "Epidish"
"62" "Patient203" 0.0241049980075511 0.944727847022999 0.0188075643486262 0.00186580925583453 0.000501641970586237 0 0 0.00999213939440291 0 0 242.522411541697 9.64285714285714 821.576200913302 1.47910713805432 0.65297619047619 9.10555330085555 9.25154375735288 -1.99000473334274 6.66666666666667 814.70711398114 96 30 67 12909.3659259456 -0.26265103866742 0.562207380979616 -0.102056621169466 -0.205092451720465 -0.147558123669073 -0.239415541099887 0.0278884485735196 0.84549392376137 -0.129220446156613 1.05339286810486 0.150654832255143 0.0500270409249979 0.293012326176023 -0.188722292473752 "BPRNACanProMet" "Epidish"
"63" "Patient204" 0.0515309786841698 0.907898571230932 0.0269004654509266 0 0 0.000163298053687165 0 0.0135066865802847 0 0 129.485868340912 10.7142857142857 847.953954708109 1.48889561099672 0.503571428571429 9.97346333217582 9.01104125816484 -1.77263932033462 5.55555555555556 368.025016602854 140 21 132 21320.3065765978 -0.0680431368751104 0.272351538280135 -0.815276106693667 -0.551803421719263 0.132714512295146 -0.321106838463299 -0.435796055978033 0.13888487491533 0.257862747662424 -0.642160876179646 -0.205162629913833 -0.0111426249956648 0.68727549895122 0.215587312303973 "BPRNACanProMet" "Epidish"
"64" "Patient205" 0.0120869299159619 0.974375260373276 0.00495190671049447 0 0.000395136884068101 0 0 0.00819076611620001 0 0 29.0972524476109 10.7142857142857 481.716315045962 -1.11664045816566 0.226190476190476 7.96015696876945 7.75127377129722 -2.39729187055617 5.55555555555556 41.2588875466624 36 17 47 16788.5356549951 -1.24109095058905 0.666044967228719 -0.993075599557944 -0.315203683670508 -0.00161380852308948 -0.748216658037462 -0.646691758882944 0.173923084608539 0.597987515198978 0.433659291240209 -0.474655096752333 0.946419521321824 0.555055960097561 -0.178372826386063 "BPRNACanProMet" "Epidish"
"65" "Patient206" 0.0237710791642898 0.941513445497292 0.0152402801354982 0 0.000179615585852556 0.000249821657522208 0.000194322782714402 0.0188514351768306 0 0 164.472764006689 10.7142857142857 774.37778438887 0.536538141755624 0.617857142857143 9.25698425146149 8.87621720107667 -1.72590440489363 6.66666666666667 701.596496998412 119 22 60 9118.05342231323 -0.911330035995864 0.0897529076283608 -0.36303494161323 -0.434586218926917 -0.0476431420909719 -0.0289968946197046 0.287284884048775 0.0120607848973054 1.01907920092248 2.38752965736771 0.345653648360519 0.531605403844049 0.635993848124413 0.361006877764729 "BPRNACanProMet" "Epidish"
"66" "Patient21" 0.0061550412427805 0.986487855342951 0 0 7.59892058528098e-05 4.20452413081282e-05 0 0.00723906896710721 0 0 17.5028597663353 10.7142857142857 162.30281877186 -2.1491908467688 0.166071428571429 7.33351373601642 6.56880772911643 -3.63681025067267 4.44444444444444 24.272711563052 650 5 77 4884.18897613952 -0.345261228975054 0.630721648758918 -0.356201504801597 -0.43870235806422 -0.837503895036835 -0.566919594925055 -0.935665995156531 -0.0601097346154292 -0.0247744852413774 -0.797485737521077 -0.853681985355472 0.240444286906795 0.0869911950316878 -0.542766199386345 "BPRNACanProMet" "Epidish"
"67" "Patient22" 0.0101952972067034 0.983565857165939 0 0 0.000246814948663128 0 2.28108088400926e-05 0.00596921986985465 0 0 8.49529869986924 9.64285714285714 79.1655943421164 -3.66547977867747 0.0970238095238095 5.15530920523295 5.05741281487608 -5.53604646984931 4.44444444444444 69.3513483156718 10 1 5 1209.78182628761 -0.379475539346065 0.140375388790312 -0.338225066732654 -0.579155153152755 -1.05458738691045 -0.765061398767812 -0.940973339939141 0.116964516956819 -0.504402016672848 -0.558266603576935 -0.801292370192461 0.32073880682847 0.876287550945661 -0.311068140760651 "BPRNACanProMet" "Epidish"
"68" "Patient23" 0.00519012735706837 0.991312489390271 0 0 0 0.00139221830109223 0 0.00210516495156878 0 0 34.9111744288272 8.57142857142857 193.530210806379 -2.67115437121025 0.183928571428571 5.52851399315615 6.46561032131056 -4.46121014844882 5.55555555555556 81.223212255592 100 1 23 2003.84084092815 0.0752091919067214 0.239336345502761 0.0736426472704262 -0.0799455040594307 -0.77792724629137 1.27976266141886 -0.483204043005898 -0.170213488250938 0.648568616554875 1.91021521357223 -0.439817076964725 -0.109966046909583 -1.28191160055388 -0.498668177221148 "BPRNACanProMet" "Epidish"
"69" "Patient24" 0.0157907797990361 0.978699718953066 0.00248573151815527 0 0 0.00240127462242231 0 0.000622495107319842 0 0 44.9988899863097 8.57142857142857 102.307497334425 -3.32515214434836 0.267261904761905 6.51967018515701 6.88894086056459 -2.2554888020646 6.66666666666667 93.8343432343214 15 19 33 4506.0604688226 0.26720721233066 0.829124266974286 -1.28390922039189 0.899757209702429 -0.897104575128935 0.309384480865153 -0.733963255613253 0.428216598298873 0.920740835757061 -0.654752657590263 -0.707428344615675 0.966155513678105 0.709033214641772 -3.85499355999249 "BPRNACanProMet" "Epidish"
"70" "Patient25" 0.0218443050531548 0.959710571072934 0.00223383025529103 0 0 0 0 0.0162112936186204 0 0 158.805699205035 11.7857142857143 763.140667409692 1.08690822636507 0.577380952380952 9.32041684716533 8.94057594938265 -2.03817407377811 4.44444444444444 631.693517232256 107 31 129 7846.61917944953 0.335164696597246 -0.829229123762538 -0.48695692729502 -0.442550268269626 -0.104139766570949 -1.21789610230608 0.0402173482053282 0.208520927694591 -1.26607138543462 -0.00508421899924621 0.0584156680442678 -0.122478260238233 -0.181242834581905 -0.438739925398182 "BPRNACanProMet" "Epidish"
"71" "Patient27" 0.190661250615906 0.77381983907694 0.0201568844160512 0 0.00025887234424347 0.00143648255148811 0 0.0136666709953714 0 0 275.487767605024 10.7142857142857 771.259799468287 2.31867233450549 0.773809523809524 10.7590366100364 10.0400869554076 -0.590464763548037 5.55555555555556 2780.86368714878 248 133 93 8187.98477619465 0.326823740309701 -1.36574049005008 -0.0915335989527771 -0.811167881116064 0.31611455724701 1.24394656181859 -0.158216096125856 -1.68116777368677 -0.259234996505318 -0.667294678981407 -0.200645405107652 0.258250924972114 -0.338737939527594 1.36231282400503 "BPRNACanProMet" "Epidish"
"72" "Patient31" 0.0252263798774239 0.963033454327115 0.00246032344609086 0 0.00355579566305505 0 0 0.00572404668631513 0 0 30.0101666106671 10.7142857142857 473.710230908382 -0.617876786034392 0.276785714285714 8.38749206923831 7.79387523566303 -3.17465882713287 5.55555555555556 95.6187230963649 47 10 97 7025.10966256484 0.310380161488723 -1.03896069359712 -0.466479394317568 -0.613647123523275 -0.519765541323704 -0.55481254668001 -0.302006336145533 0.664761322893371 -0.589174923281282 0.0389677367046463 -0.102897164908493 0.0399307771092068 0.0960131909334389 -0.232232276416541 "BPRNACanProMet" "Epidish"
"73" "Patient32" 0.0062459078379211 0.978091115502253 0 0 0 0.0037276659048314 0 0.0119353107549942 0 0 47.063256368424 8.57142857142857 153.04020285531 -2.61501286518401 0.2 6.17251057367932 6.10046659607164 -4.17087599533497 3.33333333333333 18.8967203478623 44 1 85 2247.97973233117 0.298881352106267 -1.0590321915144 -0.438399750047163 -0.281125863818686 -0.822406385249908 1.67834691077142 -0.536283123621452 -0.873449108741786 -0.218160993656466 -0.41338091184543 -0.567630099984313 0.420175849167915 0.238071494579674 0.751949481380776 "BPRNACanProMet" "Epidish"
"74" "Patient33" 0.110556051319283 0.814298183223309 0 0 0 0.0234628935817365 0.00293282745559701 0.0487500444200742 0 0 512.460164403049 11.7857142857143 1419.25836796086 2.15565152219474 0.884523809523809 10.6257775038968 10.2198419320455 -0.194187751242501 5.55555555555556 1029.9429937944 154 91 219 11349.3148955653 0.0111988770068895 -1.01390165999457 -0.266369141423567 -0.169389970975693 0.775487258562415 -1.40602014677354 1.05536324588813 0.418650712283652 1.00725662192656 0.256565992544153 0.989328095823735 0.0982489378407325 0.203473658765273 0.15902799551393 "BPRNACanProMet" "Epidish"
"75" "Patient34" 0.0117138538499557 0.977201976257478 0.00146169531068097 0 0.00135409868672664 0 0.000845392201103369 0.00742298369405558 0 0 56.5077879588292 10.7142857142857 194.949960093932 -1.2190944218934 0.302976190476191 6.50314183808702 7.17370711354293 -3.11299667055398 5.55555555555556 521.817491613539 9 18 139 2852.32919116224 0.73010527909884 -0.793661004035122 -0.322180045603294 0.158410077589987 -0.897605930833273 -0.789038608698984 -0.707791848374277 1.11412520642262 1.33291951667571 1.19632194689184 -0.615474221878884 1.13029232728526 0.16038958936166 1.91663856091081 "BPRNACanProMet" "Epidish"
"76" "Patient36" 0.0299898447233866 0.945564895719031 0.0124882224600541 0 0.00349356548235517 0 0 0.00846347161517319 0 0 172.09750172504 10.7142857142857 404.3740491329 -0.656224088483329 0.447023809523809 8.46348251942501 7.76176736306048 -3.14889093196212 5.55555555555556 110.460043233494 71 1 10 4058.75929659707 1.28527398385655 -2.32811776666032 1.19965828405406 0.15332213275776 -0.623322045516655 0.772714565328044 0.270162561498342 0.396618437296506 -0.68258870619386 -0.323262620535815 0.0876709061474444 -0.699642746506361 -2.25187965476706 1.09198197272554 "BPRNACanProMet" "Epidish"
"77" "Patient37" 0.0831392938987443 0.900685703670706 0 0.00180667750151014 0 0.00698286532977288 0 0.00738545959926665 0 0 282.610916455823 8.57142857142857 1207.00491071678 2.49093621668901 0.84047619047619 10.3437472397108 10.0203889366873 -0.363262538137075 5.55555555555556 3864.55997401199 288 31 1454 12615.2670196106 -0.333000541079196 0.0940773143879758 0.195515377688333 -0.237504266360071 0.0889468294120459 0.286734754689223 0.522072222214475 0.0791708293143694 1.07921111414905 2.48369789845372 0.578312229742835 0.755579556492089 0.237703914390095 0.617159483217739 "BPRNACanProMet" "Epidish"
"78" "Patient38" 0.0125002872714123 0.983041638729951 0 0 0.00109105496514159 0 0 0.00336701903349517 0 0 102.739184832273 8.57142857142857 355.274947999762 -0.714482046181855 0.422619047619048 8.82953095944838 8.15846191073498 -2.10022545479995 4.44444444444444 130.045113379931 25 17 90 3951.00008952878 -0.507962537460125 -0.781583637050752 0.6734065261669 -0.760777004062474 -0.722989058525613 -0.506398968147629 -0.282814703261975 0.144917057682675 -0.376527523239304 -0.300646028896765 -0.606473230822684 0.776201842175732 -0.262115168797599 1.1830633792449 "BPRNACanProMet" "Epidish"
"79" "Patient4" 0.0060301758045594 0.982961887753272 0 0 0 0.00376460155173501 0 0.00724333489043346 0 0 78.4341131141291 8.57142857142857 322.818357093012 1.32998923770972 0.333928571428571 8.97556230245956 8.1846508456579 -2.21382266796502 4.44444444444444 123.529596674455 128 11 57 3118.28422555055 0.41668477102062 0.634388896471433 1.98213412156869 -0.249271242217052 -0.606729953027623 1.97403564607943 -0.174689112221808 -0.0221139904223309 0.369518154113478 -0.453652913259393 -0.321384205582382 0.745454027424373 0.226461611903673 -0.683742536289762 "BPRNACanProMet" "Epidish"
"80" "Patient40" 0.00650049330165697 0.990794005115448 0 0 0.00122004526076185 0 0 0.0014854563221332 0 0 125.582284180532 9.64285714285714 251.104603352083 0.372274258704087 0.447619047619048 8.57646586115935 8.14039016804434 -2.70173781847353 5.55555555555556 37.3289964430906 6 8 32 2048.0485633151 0.671102687829785 0.319481651070946 0.291140737459606 1.35275712217492 -0.907945306029133 1.11220569682295 -0.596110357519269 -1.32496844667149 0.436933617646555 -0.277489916322394 -0.540686434766165 0.441091601132344 -0.975664358519607 0.261371335610398 "BPRNACanProMet" "Epidish"
"81" "Patient42" 0.0340942109708495 0.944253664917087 0.0120343911289484 0 0 0.00493059200666507 0 0.00468714097644966 0 0 65.9646124827547 12.8571428571429 399.019703916844 0.253805720013822 0.291666666666667 9.31349758993758 7.85260158494248 -1.76793630237215 4.44444444444444 155.222775103741 15 9 39 5617.16585021439 -0.821651112341364 0.134568627818276 -1.02706325234789 -0.344883833798901 -0.797556100217118 -0.0687157406887805 -1.0035753184453 -0.139939773023422 0.723929500203517 -0.604535464116901 -0.998783772944367 0.816093040942389 0.541603809183296 0.389492478715752 "BPRNACanProMet" "Epidish"
"82" "Patient44" 0.125957707095093 0.726523121058028 0.0924465571505353 0.00904793943527127 0.00364168093486078 0.0119612974279374 0 0.0301117679335597 0 0.000309928964714943 204.13059569795 12.8571428571429 506.790593425669 -0.218866953484732 0.757738095238095 10.2340909845844 9.83784366451707 0.0505425954732025 5.55555555555556 818.344782340344 102 57 0 13335.3588973571 -1.73984055097562 0.033901675122095 -1.23626177315259 -1.18896277859311 -0.466392850279924 -0.1546187082388 -0.962014302033527 -0.037542292842186 1.02081129076135 -0.924724557802526 -0.845587084900718 -0.215575344750399 0.879062583165529 0.299523509972865 "BPRNACanProMet" "Epidish"
"83" "Patient45" 0.0221299466391419 0.952166962934153 0 0.00248935012752826 3.565042666593e-05 0.00586222073822164 0 0.0173158691342892 0 0 310.783831786662 10.7142857142857 907.911089705323 0.899011044343773 0.623214285714286 9.96871650955874 9.26844508749952 -0.582525645798657 5.55555555555556 163.67808154316 116 43 115 9547.72561406244 -0.865358490666938 1.88044904532891 -0.471196665512696 -0.617667501304028 -0.181954765695951 0.171984193625554 -0.368168210814076 -0.136831752879561 -0.640906010364125 0.0963141078015483 -0.32680135560089 0.425747525193898 0.879602111872253 -0.754718354990826 "BPRNACanProMet" "Epidish"
"84" "Patient47" 0.0383492830778813 0.939406551074487 0.0179024880346326 0 0 0 2.12652565832187e-05 0.00432041255641588 0 0 13.5007444239197 8.57142857142857 116.963014869252 -1.50449526370734 0.136904761904762 6.64933998510594 6.29472951849961 -3.9838167407011 5.55555555555556 34.7340766814155 12 4 19 1670.7430058569 -0.20892924084518 -0.911877487697584 -0.39177060219595 -0.789763485715904 -0.769501192062942 1.43079901713139 -1.04957360994533 -0.529339230132693 0.781288541049889 -0.638653682502819 -1.00223665320835 0.549930362758777 -0.943822169926139 0.746875451201511 "BPRNACanProMet" "Epidish"
"85" "Patient48" 0.0320538298098703 0.950478053299453 0.0123829432209497 0 0.000802931660440764 0 0 0.00428224200928628 0 0 54.3239367130181 11.7857142857143 160.763595196845 -1.93470708269077 0.323809523809524 7.94825581531616 7.29967690515901 -2.38566726918098 5.55555555555556 31.628672272498 4 11 31 3905.1330869021 -1.01904859764786 -0.346757660766969 0.0246494250894638 -1.18757233686417 -0.904922930219856 0.0153390232731169 -0.991730873478709 0.248414490512031 0.366099276827205 -1.06906686706521 -1.11175467315714 0.861071003394233 0.320982957463087 0.804891372169128 "BPRNACanProMet" "Epidish"
"86" "Patient51" 0.0363438136980986 0.893218403335518 0 0 0 0.00449710154389589 0 0.0654000334503311 0 0.000540647972156073 77.1497900191569 8.57142857142857 211.909860099907 1.76773764899659 0.339880952380952 10.7383555127422 8.24262422249683 1.58642312360322 4.44444444444444 14.3476454059639 0 0 0 7480.17341637033 -1.20907602547994 0.128712781883905 -0.891348200462361 -1.03484022023572 -0.6195901395403 -0.393778910401458 -0.643777633986223 0.0731058415261045 1.24468746858472 -0.163575541027304 -0.629631176456925 1.49962040145298 0.316436985423396 -0.0253511364381937 "BPRNACanProMet" "Epidish"
"87" "Patient56" 0.0146871156904218 0.928106133362115 0.0280133724760892 0 0 0.00434726038408722 0 0.0248461180872872 0 0 271.008228841856 10.7142857142857 1098.46605422791 1.5036510929344 0.761904761904762 9.77173275221096 9.70617909903071 -1.794698562133 6.66666666666667 2669.40429982755 253 52 211 16586.6596207896 0.298650285363666 0.324964452038268 0.457672969140586 0.636425482289166 0.441545536077987 -1.02479644231829 0.76055316859146 2.96567527826618 -0.150072309977305 2.79731695410002 0.733642276889971 0.0897869785648964 0.820153378165999 -0.901590245903537 "BPRNACanProMet" "Epidish"
"88" "Patient58" 0.00838242929340772 0.981095248171166 0 0 0.0062561881536241 0 5.53018852824349e-05 0.00421083249652014 0 0 92.8776081733375 10.7142857142857 48.5297764984722 -3.31536856634601 0.241071428571429 6.18196187323078 5.74947463206454 -3.41806897837373 2.22222222222222 51.8159250545011 53 10 40 2031.28469761233 -1.12683622798387 0.312826589539365 -0.311807590117901 -0.991576600763122 -1.11001227556366 0.273641947222215 -1.20864616560247 -0.162752551051347 0.810396365023299 -0.363496774677198 -1.1672537378105 1.04751824926477 0.474964470357017 0.175185656621624 "BPRNACanProMet" "Epidish"
"89" "Patient62" 0.00991162759479822 0.977353335432348 0 0 0 0.00648502969647329 0 0.00625000727638038 0 0 138.491083106459 10.7142857142857 1328.8658115522 2.30216664643275 0.58452380952381 10.4927313858523 9.59347331922317 -1.70153863061897 5.55555555555556 326.390461152757 168 47 713 16157.935878681 -0.0537210031819921 2.84539405235987 0.168526449387663 0.967791200820705 0.638156712660266 1.25074865807648 1.20956710191906 -1.35825607621975 0.955186448203833 4.07010746284275 1.24758322419602 -0.964228634633478 2.20950062889519 0.0243472283218129 "BPRNACanProMet" "Epidish"
"90" "Patient63" 0.0218391824762994 0.955594980579525 0.00729228401424261 0 0 0 0 0.0152735529299327 0 0 99.7258246393581 10.7142857142857 401.773040535885 0.497338104336314 0.563095238095238 10.4453330674929 8.65098155682124 -1.15694882944046 5.55555555555556 40.9898559086406 69 24 80 5609.05762545954 0.125754962601487 -1.37478569598795 0.931693200586378 -0.661380701418517 -0.463302282480739 0.288783415937987 -0.326874340855451 -0.538799067716609 -0.201509761151215 -0.905028364338052 -0.437291620941551 0.454788062860632 1.39977858684809 1.86075542865244 "BPRNACanProMet" "Epidish"
"91" "Patient67" 0.00843799558840159 0.982069225802871 0 0 0 0.00296236301083877 0.00126446138877084 0.00526595420911793 0 0 50.767608767796 7.5 80.4206517564173 -2.37726277414133 0.228571428571429 6.65068063478441 5.54843480338669 -3.44446530727179 5.55555555555556 12.3956452368699 0 8 1 644.345076800963 -1.04346440367355 -0.429508523677681 -1.04489504476775 -1.00816245626927 -1.22324822376328 0.0752571211870317 -1.30923401159783 -0.4381870001009 0.931399932680462 -1.06821281014707 -1.19169630208455 1.35928485600028 0.0950841223009329 1.20029094074778 "BPRNACanProMet" "Epidish"
"92" "Patient72" 0.0329866711036857 0.92290876621 0.0392584916809154 0.000946088318425197 0.00106556588599549 0 0 0.00283441680097791 0 0 395.834056266006 7.5 1010.4518027131 1.47598798518176 0.819047619047619 9.66520622709776 9.46836674507368 -1.77073415534512 4.44444444444444 451.167884528358 57 47 153 10229.0836117364 0.727293032816718 -1.12533557768922 0.11534757165277 -0.0958063897387831 0.493374811556503 0.67329391442724 0.389876251205333 0.122843733364397 -1.37969507740026 -0.239692802088653 0.19587238990022 -0.317494637763844 0.652985829014355 -0.149234119702676 "BPRNACanProMet" "Epidish"
"93" "Patient73" 0.0234117384959731 0.958457615768349 0.0126372608371312 0 0 7.38573899642889e-05 0 0.00541952750858295 0 0 51.0001970584428 10.7142857142857 487.518383075923 -0.109947080283531 0.358928571428571 9.34177945713343 8.21624853178726 -2.68728829419413 4.44444444444444 241.364396363112 26 20 34 10764.3449466951 0.322242622313441 -0.719354180860345 2.02408673904965 0.159298610007842 -0.367734106974615 -0.336571952637837 -0.278284117096394 0.000161318958510516 0.285855471988555 -0.47949813367896 -0.38825209819576 -0.585147482186506 -1.27656369488113 -0.413340662751674 "BPRNACanProMet" "Epidish"
"94" "Patient75" 0.0921316941952613 0.817817416014024 0.0350968086476608 0.0158020043096789 0 0.00148782930413856 0 0.0376642475292366 0 0 237.724231200776 9.64285714285714 658.446525934279 -0.115843600902447 0.585714285714286 9.93522366208043 8.99927590073727 -0.122460673223616 4.44444444444444 27.9277595378904 46 78 56 10043.4534015387 -1.73509115663753 0.804610638505257 -1.38266401926403 -1.31692260843832 -0.75076972523645 0.116426868235203 -1.06802043067664 0.177128276006991 1.02854175790751 -0.93878033274238 -1.00573508035743 1.37168406736101 1.08800724364364 -0.000759041102661921 "BPRNACanProMet" "Epidish"
"95" "Patient77" 0.0615371729029684 0.903934271176803 0.0150329457499353 0.00839962804334945 0 0 0 0.0110959821269442 0 0 417.382977731483 11.7857142857143 1710.51198079178 1.32743597463955 0.855952380952381 11.0965971353306 10.5528543097175 -0.323697242281553 5.55555555555556 193.737293236154 217 144 185 28437.4767943418 0.307048238228164 -0.163672382556981 0.287524471721101 0.0813188977187649 1.48751101658011 -0.836120379290754 1.28931099812338 0.156385985411632 -1.0431342686444 -0.289202707554344 1.0990587742794 -0.51504151961881 -1.07656194587777 -0.903950957504611 "BPRNACanProMet" "Epidish"
"96" "Patient78" 0.00869672213291194 0.977214505701613 0.00298688471739656 0 0 0.0052513313706311 0 0.00585055607744775 0 0 194.792479577626 9.64285714285714 1357.60638144902 2.17184574057837 0.645833333333333 10.7597758924799 9.76728871293794 -1.23482008176515 5.55555555555556 646.300989417683 251 29 117 16627.7347896535 -0.191349800198512 3.2355241761425 0.444565917332233 0.862094148183855 0.989789962691343 2.81893983753325 0.999670119651423 -0.382461992010525 1.22974851080424 2.44190926543987 1.06832119245282 0.0746530890460111 1.23433037552169 -0.153038260371413 "BPRNACanProMet" "Epidish"
"97" "Patient79" 0.0447373080190874 0.896202850201965 0.0298233704908329 0 0.00118381827569867 0 0 0.0280526530124165 0 0 248.12379994672 11.7857142857143 1447.51567070625 1.13708569025981 0.753571428571429 10.633042151834 9.93971911521493 -0.468701409111389 5.55555555555556 469.038763672049 109 89 247 26003.5356541258 -0.461675258147031 0.108439253183651 -0.278452111746549 -0.154313969772126 1.24164728653317 -1.30901088035661 0.592096310237353 0.574645916349901 -0.427909455564255 -0.135140142769013 0.427086614157173 0.42701100809781 -0.484052063687705 -0.717179714072831 "BPRNACanProMet" "Epidish"
"98" "Patient82" 0.0149525608933097 0.978531212114539 0.00484431258485206 0 0 0 0 0.00152529773492168 0 0.000146616672377149 6.33562151647334 9.64285714285714 86.7177500793065 -2.99570241695784 0.103571428571429 6.45140656518731 5.04715679006039 -4.29494839856118 4.44444444444444 69.5107962416368 24 0 60 2243.66458867979 1.68383297576392 0.179952674371624 1.38481237844198 1.43476932284534 -0.656532624186777 0.788650884596101 0.386183000225491 0.514602809335905 -0.136434807350686 -0.413763545708349 -0.00392728963705171 -0.411669090044553 -0.916755845870338 -0.629106216315039 "BPRNACanProMet" "Epidish"
"99" "Patient83" 0.0119006146657822 0.971635411367425 0.00258920011164948 0 0.0125429295004897 0 0 0.00133184435465328 0 0 21.4576350048182 7.5 100.876183029394 -2.43540006479143 0.163095238095238 6.18086872212462 5.58148928183696 -4.47036036838463 5.55555555555556 79.8334208491725 19 0 37 2301.66912323676 -0.367264796853955 -0.568319974212974 -0.703101765534706 -0.686130060196397 -0.740535288741958 0.771553746644408 -0.931615803814803 -0.173121552502129 -0.522748903150292 -0.764502765920285 -0.881027614428625 0.00344490334548629 -0.810418676325906 1.22099240531422 "BPRNACanProMet" "Epidish"
"100" "Patient87" 0.145892522708588 0.767381773965131 0.0677387880434389 0.00268406150126997 0 0.00806582634229556 0 0.00823702743927692 0 0 396.800907383035 12.8571428571429 856.449232630511 1.59939068184789 0.85297619047619 10.3316595567624 10.0693567915481 -0.0877563779566841 5.55555555555556 748.930760142279 249 91 168 6471.81440914464 -0.692508222586532 -0.171489037245449 -0.42494498093513 -0.929860041729893 -0.287804908257588 -0.659038116457081 -0.648726803005137 -0.629671076420211 0.853237442525837 -0.939695805692041 -0.688769697322804 0.525342370221701 -0.24223326509724 1.10916525466894 "BPRNACanProMet" "Epidish"
"101" "Patient9" 0.00758696205386034 0.987113597460655 0.00226457907664447 0 0 0 0 0.00303486140884044 0 0 48.7959024919101 10.7142857142857 373.772052765353 -0.197330959169925 0.319642857142857 7.67958596146919 7.60989804080251 -3.72692293299082 5.55555555555556 106.1241611936 21 35 38 5968.39396643574 0.693422359684983 0.232471573933927 2.78234677206533 0.299941766593091 -0.518397965871328 0.175567735400427 0.336271901804848 -0.284684943222905 -0.911739246049994 0.730764174610901 -0.144594943915565 -0.718723581731752 -0.810768959009915 -0.0325373920464679 "BPRNACanProMet" "Epidish"
"102" "Patient94" 0.0455495035528894 0.915887993829035 0.0104983063916693 0.00046705902743294 0 0.00411994371958036 0 0.0234771934793934 0 0 616.972803371429 10.7142857142857 1457.36249032161 3.50910839299984 0.864285714285714 11.7155026958406 10.4155529722116 -0.567246058306305 5.55555555555556 121.935301833135 295 122 656 15663.4769257545 0.834662931792278 0.463941423449472 1.41924100124993 0.377117234925107 0.922705135723498 0.47233046070544 0.310453872176386 -1.12972528140414 -0.257603232481864 -0.122541433816955 0.565566938790435 -0.287250948941623 -2.84967499364797 -0.0203433370045661 "BPRNACanProMet" "Epidish"
"103" "Patient96" 0.0384930126095255 0.951686641677122 0.00383263336113084 0 0.00189978966272622 0 0 0.00408792268949511 0 0 154.399482188251 8.57142857142857 663.759755382592 -2.51332188313818 0.483333333333333 7.87357168729426 7.87479648080831 -3.82212389629492 4.44444444444444 1984.87687640091 29 14 89 9161.14446426848 1.68205476723002 -1.32615161813754 -0.489596489288684 3.13893806798356 -0.47947501349451 -1.27610345660925 0.0122659946680526 0.566410353469712 -2.32606547663748 -0.019601204389463 0.0271048036988448 -1.06980120687888 -1.07454572021746 -1.87378723079671 "BPRNACanProMet" "Epidish"
"104" "Patient98" 0.0768325010401412 0.835429719612175 0.0469560996080707 0.0172257957506174 0 0.00290609766613452 0 0.0206497863228606 0 0 611.702403215812 10.7142857142857 3529.61529677009 3.56151930965807 0.93452380952381 13.0272266970693 11.6438135597701 0.132630046306318 5.55555555555556 316.449188021369 306 108 543 35009.570955952 0.933684783031224 -0.90625069804823 -1.1076307762343 0.0527549928763496 3.43250456019196 -0.168080896671699 1.95581209745707 0.195024275092332 -1.27439982812656 0.138546287275697 1.84272634562643 -0.919371926756907 -1.29994824344207 -0.510118428003349 "BPRNACanProMet" "Epidish"
"105" "Patient99" 0.0155404814360933 0.938151107757466 0 0 0.0178368779411418 0.0039596159911444 0 0.0245119168741541 0 0 148.556555223928 12.8571428571429 964.601095515231 0.385770277104789 0.542261904761905 9.2962065715309 8.99077039631118 -1.69089077634781 5.55555555555556 495.73571414256 194 31 209 8309.32819757496 -0.478136583116417 0.500111466883875 -0.530555762710847 0.201286763206664 0.0625774709197181 -2.79013512851565 -0.0268210166502025 -0.0496156502808898 -0.472802896341956 -0.132011424180193 -0.0455206228643319 0.463637264579815 0.730059883713104 -0.397933849794577 "BPRNACanProMet" "Epidish"
