"","Quantiseq_B_cell","Epidish_BPRNACan_B","DeconRNASeq_BPRNACan_B","Epidish_BPRNACan3DProMet_B","DeconRNASeq_BPRNACan3DProMet_B","Epidish_BPRNACanProMet_B","DeconRNASeq_BPRNACanProMet_B","Epidish_CBSX_sigmatrix_HNSCC_Fig2cd_B.cells","DeconRNASeq_CBSX_sigmatrix_HNSCC_Fig2cd_B.cells","Epidish_CCLE_TIL10_B.cells","DeconRNASeq_CCLE_TIL10_B.cells","Epidish_CD226_B","DeconRNASeq_CD226_B","Epidish_TIL10_B.cells","DeconRNASeq_TIL10_B.cells","CBSX__NSCLC.scRNAseq__B_cells","CBSX__scRNA.melanoma__B_cells","CBSX__HNSCC__B_cells","CBSX__TIL10__B.cells","CBSX__CCLE.TIL10__B.cells","CBSX__CD226__B"
"J1_p1_rep1_B",0.980464466992018,0.988280502832826,0.472420800267088,0.964764251620234,0.556328603765061,0.812075621733717,0.553402533130421,0.0123390766144366,0.144835572448178,0.927511010083974,0.645105267903033,0.918265909493976,0.679217568317245,0.899206741429257,0.623302282373969,0.998361108502922,0.92651535092782,0.0181220735894962,0.773143996845909,0.866927097505515,0.357799522706345
"J1_p1_rep2_B",0.965160665761874,0.986735447908796,0.480417323718893,0.963259400841135,0.56856786609898,0.806198739410782,0.563986528722803,0.0120921113181737,0.143284674599947,0.922152411670073,0.64138612704659,0.914627657041138,0.681453151785476,0.901853758232559,0.619362344489496,1,0.908125386629039,0.0166488690946007,0.783560204363472,0.877851471198763,0.351673716715735
"J4_p1_rep1_B",1,0.984862515186602,0.570079539444057,0.95544669621226,0.605582073958515,0.799733536762925,0.603036577634284,0.0314056665462996,0.161819743493234,0.854639680310258,0.621725470201918,0.939253395316968,0.703948685303728,0.895492809319537,0.616708707260439,1,0.914467943181221,0.0305069705986816,0.825613631457711,0.808899702356139,0.346302060470207
"J4_p1_rep2_B",1,0.984085398135904,0.570014017165051,0.955628373058121,0.607361811680768,0.800538072929867,0.604768727707577,0.0299600080796028,0.160693945903667,0.871520039199545,0.615763433312743,0.938819487968474,0.699720621692135,0.894116472509023,0.608626812129036,1,0.902220550300665,0.0312256977468825,0.818559672872016,0.797081016226648,0.349011089748593
"J8_p1_rep1_B",0.930867783934812,0.946053909920034,0.574874627794727,0.930470940895213,0.609053235358292,0.783771110824671,0.603792353502834,0.0454820594599556,0.171074552527818,0.93727243996686,0.603767384745825,0.915694590339548,0.69600156153301,0.864111728759138,0.600894773634846,1,0.903656933336333,0.0395477095991741,0.836737867881652,0.859824743685561,0.338187382364924
"J8_p1_rep2_B",0.94700989311091,0.932659998833079,0.554939765136948,0.903568454556756,0.599162656866282,0.772439778606321,0.595848268215924,0.0398126682956317,0.163312161694561,0.967406794410058,0.576900852546675,0.931427336591819,0.698628933195175,0.925749474529869,0.572869510764755,1,0.874478535966057,0.0368568346224487,0.777775266040063,0.941110743473027,0.325423048946711
"J11_p1_rep1_B",0.896604143010111,0.934893886537585,0.549317796856948,0.924368192214348,0.620729934442916,0.837066853905193,0.614880848265834,0.0453047119895329,0.168650908294106,0.969948294245779,0.593739003638502,0.945404997071123,0.72038320404263,0.93637194818023,0.579005582174501,1,0.873360536186063,0.0406327899340941,0.751107040759774,0.91743523579047,0.324773918680603
"J11_p1_rep2_B",0.911440342531803,0.930249443943577,0.551454235152405,0.934371790194436,0.621310288568675,0.83886013487225,0.615966258546607,0.0442684290391636,0.167324925723368,0.969753222785472,0.588277942410166,0.946899098732023,0.715950886982376,0.923424231483391,0.572899035379516,1,0.884102303864459,0.0395449147673096,0.728869257725441,0.925777286266198,0.321119680049801
"J14_p1_rep1_B",0.864415706525508,0.974797600693446,0.538954800375556,0.95396548382914,0.652258587930351,0.845756925815642,0.643209368497826,0.0438342264952257,0.164884945888622,0.958753482350942,0.593137086748758,0.951671975727269,0.744435966770166,0.93337038336221,0.576442477111037,1,0.870576105793961,0.038026683294365,0.737087987012885,0.897277125134066,0.319179921036802
"J14_p1_rep2_B",0.873727243833439,0.972845411896962,0.541655628387153,0.951501955814921,0.651605959604554,0.848360768903784,0.64461410919487,0.0433598021571271,0.164068293402385,0.963245003314077,0.596753260473429,0.955752679385882,0.748378774783995,0.921236743679098,0.579624535051209,1,0.88033909209692,0.0366922407281817,0.747101244528422,0.901566433939414,0.318162893060557
"J1_p2_rep1_B",0.779695719263216,0.978655982338388,0.532323877406778,0.949909994793618,0.638898508794264,0.882294796800173,0.625844682963812,0.0014757182947892,0.113118451818734,0.693833707492231,0.43537820418047,0.94764581197782,0.621143801908226,0.565896702689617,0.417027380490396,0.999946134841024,0.872468218356073,5.462205338023e-05,0.630240892950122,0.699551576418599,0.351367046912702
"J1_p2_rep2_B",0.791081797588812,0.975585592227976,0.535935076165037,0.951871728896388,0.64201183593156,0.882367121619636,0.629198107779076,0.0019681004467265,0.112808127275685,0.715543112708973,0.435845564619782,0.949904879075819,0.616954936048224,0.579993204438233,0.41745127256392,1,0.87624617893399,6.366014105695e-05,0.661771055854991,0.688151221743699,0.352590012371627
"J4_p2_rep1_B",0.917810951401954,0.970880819226499,0.538730018173305,0.930452417135031,0.627587014794928,0.873830040701295,0.616505548763441,0.0065980357090698,0.121870611630778,0.918198756363812,0.513781877813628,0.968213632198128,0.712619060014879,0.715839762942753,0.494260629528797,1,0.911814134202227,1.06540757308e-05,0.781091938606765,0.863964137407989,0.34109939310184
"J4_p2_rep2_B",0.888921075543219,0.967008348687236,0.532736843951777,0.927491968006787,0.615325661700311,0.873796596987078,0.6064666339113,0.0037459077686549,0.12477692419735,0.928998410571185,0.50820691754665,0.966405950399111,0.723758685482665,0.764141269128277,0.488534840217659,0.999820984779225,0.90900298088717,0.00021467596584513,0.79097863815658,0.905943261079196,0.346470176791549
"J8_p2_rep1_B",0.933396855602579,0.957523515765076,0.571793853412541,0.907303479731821,0.633239209653101,0.82646165873005,0.625537162020246,0.02460501931112,0.138019318680562,0.842684504316062,0.481234281508122,0.976767608803927,0.727361831025532,0.70393377507035,0.465055152852201,1,0.903323776189473,0.0233472250051764,0.756229060972709,0.82227541990831,0.34246213619882
"J8_p2_rep2_B",0.931700896640064,0.957823378758323,0.57069101837972,0.897138942212862,0.626507278842684,0.849254600401809,0.620102979692794,0.0214646412468106,0.138914001113986,0.812824706328589,0.485225524147617,0.973229920198137,0.723076191983815,0.684468162297793,0.468953792974343,1,0.906043128530931,0.0168363607129831,0.718541780034832,0.818897202689086,0.355512929404172
"J11_p2_rep1_B",0.815920814153116,0.948869540499376,0.573457064955582,0.895030889449807,0.620702316159212,0.839685315837115,0.613106691866107,0.0210369719703574,0.135832372355416,0.42789536955352,0.427619198954673,0.975269927780182,0.641249804526425,0.652497360562968,0.413652577020819,1,0.895394969137254,0.010806990607038,0.639561031591203,0.423847363065434,0.363548903565148
"J11_p2_rep2_B",0.868718250246871,0.941099119170467,0.585160495647915,0.889256105571094,0.636966081005123,0.839122940256034,0.630360607236882,0.0209142982872546,0.133325962470442,0.601055726989251,0.442531711446355,0.974382585970057,0.68321646513991,0.636613642317205,0.427351084717525,1,0.900224887695133,0.0132552294859981,0.718015521785812,0.604270979783755,0.366474698190342
"J14_p2_rep1_B",0.865428026443772,0.946551982109203,0.584728667711727,0.892270643187097,0.6310037500912,0.843293311973564,0.621424429653836,0.0215365787000547,0.13427426289451,0.525395236361532,0.456531625736592,0.970953902913083,0.641529192592394,0.640920797119232,0.440390609810541,1,0.900680780966343,0.013432756357408,0.705334165334996,0.529377576567247,0.362311383081875
"J14_p2_rep2_B",0.656105354942805,0.89337618652133,0.570497798455293,0.810499151443451,0.602960572170533,0.703512000794852,0.581863007879162,0.0204054029319891,0.135146516608487,0.740688989044523,0.46701591626213,0.961492782135938,0.613835743304572,0.852696132983768,0.454143563460146,0.999394862610401,0.867967237120057,0.0199639861486328,0.931898117847313,0.730530633610192,0.335399423525328
"J1_p3_rep1_B",1,0.979545773281447,0.539849107679891,0.970043352047216,0.651398527439904,0.829223305129617,0.635458924093525,0.0841173655703671,0.188357396643841,0.916743753501236,0.52674143390068,0.953007163591327,0.707121275023824,0.833360455217595,0.508672519026385,1,0.856238448548561,0.0886878144889382,0.733619087625311,0.87714310096621,0.346503250452115
"J1_p3_rep2_B",1,0.975862738788936,0.540167631556247,0.968636529717004,0.653285693866077,0.837211437744088,0.636621656790576,0.0833718543561559,0.188729720463817,0.930207702256226,0.525776226675171,0.954538172691153,0.70933033466781,0.852607416332532,0.507500398501352,1,0.851129038025616,0.0866784197014129,0.75174113800922,0.869093123853702,0.351059593536259
"J4_p3_rep1_B",0.832612456739912,0.950943439837525,0.546939480568373,0.939358996390105,0.647816084009884,0.789310468305261,0.633228837462044,0.0851761494730051,0.198778394493946,0.708271752271918,0.519130169120912,0.951994404227816,0.679483653045045,0.733295762681646,0.511441358877523,1,0.86199012437951,0.0880561720956328,0.771659950401967,0.701512243992178,0.307947697800933
"J4_p3_rep2_B",0.814178815561301,0.956350821067855,0.555374484828314,0.94027434935635,0.655877767764335,0.803650372455876,0.642648058221421,0.0845848491937592,0.200401571526771,0.698736522778469,0.532095675248918,0.958331447773326,0.681629300613841,0.727366204757014,0.523965543138679,1,0.865042387177635,0.0913395980635318,0.824109960816423,0.672832714405205,0.305639766189245
"J8_p3_rep1_B",0.765370516146644,0.947508168080279,0.54728929194092,0.935473508442311,0.651922666123726,0.810815340493546,0.637806951314227,0.0872921027089423,0.199356174587907,0.75524590571174,0.535217502878494,0.953275725956216,0.665439716043401,0.731291446910827,0.52676107030694,1,0.813999608725008,0.0915631100891184,0.745817885307031,0.762243466171452,0.314232618028687
"J8_p3_rep2_B",0.793905867142392,0.94851190035739,0.5419730841888,0.94031189023512,0.649367354808589,0.823174717247075,0.635390732037242,0.0862790884673484,0.197717619998324,0.777395643635595,0.53030514632828,0.956579387797148,0.667797931963736,0.704562285097792,0.517568233081548,1,0.848265532405343,0.0923480026630779,0.738981315998173,0.802811686379894,0.318701891741031
"J11_p3_rep1_B",0.791494443555056,0.943035469851587,0.530576579784058,0.937733245168155,0.642906688217422,0.825192309096966,0.629787477260745,0.0937588774037596,0.203995482559721,0.819713909281037,0.515795795103957,0.96169260723162,0.686614952482339,0.700158293013639,0.498959311605892,1,0.837483889994876,0.0961529123225346,0.739236574776335,0.802924853802209,0.324944926032389
"J11_p3_rep2_B",0.788884441015064,0.948886518350685,0.531330266712619,0.947557199233737,0.643648199960296,0.835972456770251,0.630312311361967,0.0933450107226808,0.204206851695213,0.824364779893735,0.517997861978859,0.962271415003713,0.685171664923669,0.676800050362133,0.50052435207867,1,0.827233196373384,0.0975028993260762,0.736902307872511,0.737478309949025,0.317217870970917
"J14_p3_rep1_B",0.789912004466593,0.958206400885847,0.528429928601183,0.952787493914403,0.645570734920808,0.825905485362666,0.63051223360975,0.105709809096318,0.218518882135693,0.863741083483858,0.525824925131604,0.960647755220851,0.709799845780545,0.691424298587976,0.50781666311313,1,0.822567835839792,0.111444913810775,0.796002356862485,0.839274548589787,0.311860255263189
"J14_p3_rep2_B",0.751606389305898,0.958470844519154,0.535368188635314,0.954195043028548,0.653191452358675,0.83818880030854,0.638187619007212,0.103579870709963,0.213324583317178,0.831145164908221,0.514199135497463,0.967833559782204,0.714389871101265,0.671768203180987,0.4963173091338,1,0.836704050618292,0.107483006838186,0.682298492653051,0.850760078357426,0.310074311460701
"J1_p1_rep1_hetero",0.850241871644531,0.85885581481333,0.534626066148027,0.792289811781335,0.636178714603374,0.669124423342376,0.615684313143706,0.0707595612808845,0.182680082012741,0.51600804991449,0.53144083611653,0.843730253180775,0.802210383176771,0.717733307167201,0.51737554312227,0.999213401848678,0.732271618810996,0.0752741386357002,0.501356571967829,0.549660350887159,0.271545724187478
"J2_p1_rep1_hetero",1,0.854448431893142,0.527226551101279,0.799893812649899,0.596197629715354,0.656121197505473,0.558927046256347,0.0683807240959946,0.166619461796079,0.844955480367755,0.600354040262486,0.909641700885397,0.820322909928515,0.839309835465718,0.577683266972947,1,0.854492651861425,0.0683873467093226,0.655503321060632,0.746702204571361,0.267982830812631
"J3_p1_rep1_hetero",1,0.873076121994883,0.514570155001824,0.846669489535164,0.568413700307861,0.707347493631819,0.537508572143779,0.0456317158544798,0.145329597599604,0.810296478576227,0.59665055324792,0.938050657353919,0.819339243001001,0.870887387004345,0.574284712381945,1,0.87842852242596,0.0415317847165142,0.714885896870078,0.767060431448838,0.294561240281647
"J4_p1_rep1_hetero",0.999999999999999,0.886303029237203,0.531008862380461,0.812195972866637,0.579245867686742,0.705055511834305,0.552705089867636,0.0736676569995945,0.180626443323954,0.870486178493025,0.557258788182436,0.951628460915678,0.824618173476005,0.866478957494159,0.536448393646815,1,0.851863282408114,0.0682985418324362,0.689430686360052,0.768190291444986,0.276740432593696
"J5_p1_rep1_hetero",0.999999999999998,0.87285263502453,0.522579623539563,0.72489002010628,0.561045224965835,0.666951457244847,0.536487339783038,0.102655645129322,0.211452814767166,0.825049791359574,0.534802017498171,0.945653814800362,0.831333640610826,0.878944054174828,0.516754738680115,1,0.860569199497066,0.0971615949329755,0.752584671825682,0.721790466038767,0.301792088068783
"J6_p1_rep1_hetero",1,0.873379899983812,0.515721490793807,0.770511524474209,0.553234146671255,0.707265532650661,0.536219429714556,0.113636025271578,0.213001686781281,0.710311732860419,0.539148052631019,0.956667617201762,0.830714524332703,0.860201402368568,0.529051297484058,1,0.850185881204404,0.109588013159938,0.729952603235523,0.671814083126621,0.28603470228394
"J7_p1_rep1_hetero",0.999999999999999,0.867301325296187,0.510239598277789,0.75553517078285,0.550018867319472,0.711472332396446,0.53187963097835,0.109644138424789,0.203249891246963,0.722018508619299,0.531981207363567,0.960640441590168,0.82475596395126,0.872625477119871,0.51960554432934,1,0.860169388021274,0.100675300897761,0.682745009636541,0.647133257892918,0.294927095217079
"J8_p1_rep1_hetero",0.999999999999999,0.864137877534588,0.51373565048058,0.765275546725237,0.559958877391329,0.742437278014423,0.542000717489147,0.0963044146653034,0.197050428118784,0.752853586729283,0.527309617078359,0.965051478050976,0.830978826785385,0.868851746721949,0.514077045365968,1,0.866189705776146,0.0901628402476444,0.709581021484015,0.641262016467851,0.278027505942165
"J9_p1_rep1_hetero",1,0.87158092945331,0.515548724145231,0.787907886207845,0.565008958705668,0.764096961670545,0.544361500291317,0.110439556039355,0.221826696968805,0.774233562139814,0.529761858107878,0.962614848141403,0.84939833969118,0.851142271270465,0.512093654144288,1,0.864600384204878,0.110870887476241,0.639473133831635,0.660057595800856,0.281719598695321
"J11_p1_rep1_hetero",1,0.869203486383448,0.534668084271289,0.785718130924619,0.578306569798272,0.734688095958256,0.560646832404758,0.12588434994055,0.250372539601551,0.755953996524792,0.554497918683581,0.962397142877833,0.832774999245295,0.868008206563299,0.537177322201979,1,0.865034544369325,0.130547737111582,0.77109953580052,0.731229011856263,0.299546021138016
"J13_p1_rep1_hetero",1,0.865436788373168,0.501757537323721,0.798217255210642,0.545969892626923,0.729930243426783,0.52964413363674,0.146131499476691,0.244522409609233,0.748329321150574,0.551171429726193,0.97556129995701,0.829970554586722,0.857629064206938,0.536375514050888,1,0.838173273098144,0.1442789233283,0.791619709651821,0.706091664775695,0.286615355173233
"J1_p1_rep2_hetero",0.859808697531194,0.849838208916457,0.53337893283869,0.803181413487721,0.634266313709201,0.651379678668862,0.612045678452883,0.0705007495782053,0.178929430112665,0.58643206036192,0.546524540237095,0.851085202778102,0.803865504184022,0.728384324401264,0.531822555248557,1,0.746893108404206,0.0736563650424229,0.510551617321282,0.600734661527392,0.271169696746314
"J2_p1_rep2_hetero",1,0.855157245690247,0.524387645223549,0.799914561550221,0.591973814606908,0.671665106945607,0.557745152779186,0.06129076414319,0.159710685450962,0.842771111269903,0.600045697671731,0.899554099364633,0.814087444595282,0.836077853393162,0.577155500336212,1,0.852192080076168,0.0581209554024872,0.574749788618394,0.74594081773804,0.267105086870253
"J3_p1_rep2_hetero",1,0.882753115686735,0.516046984351486,0.861069150540979,0.567742960435466,0.68391611166549,0.53960225201699,0.0447876729473278,0.144980436868975,0.820950354540631,0.593749568089639,0.929423001049047,0.816831955227816,0.845824831249288,0.57260045347884,1,0.881358622274639,0.0455568148811166,0.603497311530338,0.699000906655627,0.295140471084297
"J4_p1_rep2_hetero",0.999999999999998,0.886441159002751,0.530849773947934,0.793614039614197,0.577982299960174,0.692481906529221,0.553160681480212,0.0756538768946562,0.181771116309138,0.872104537709675,0.549713078398051,0.947427978009866,0.822589899358275,0.873146735584853,0.529354949110767,1,0.849179481885169,0.0714843653164946,0.717663357048732,0.76963533135044,0.281185106311066
"J5_p1_rep2_hetero",0.999999999999998,0.874095602992487,0.527783411237805,0.723365017907365,0.56394672506433,0.658696499495697,0.53953963379836,0.0943957466882563,0.206534180786351,0.803407322025523,0.52809156931775,0.944772734950916,0.830272109222528,0.875984422589394,0.511361983485172,1,0.862828250500732,0.0870375152403068,0.719724005177545,0.69898787962924,0.297053579122606
"J6_p1_rep2_hetero",0.999999999999999,0.87938439707457,0.513273517580525,0.737556012701686,0.550649775528852,0.709257077040275,0.53444989766204,0.107111764362379,0.201588233389136,0.727836215215433,0.531173228250427,0.957564087396694,0.829363263151599,0.873462753299626,0.521236722777499,1,0.856469853079499,0.101621801182826,0.724802707551516,0.644106052394426,0.29449563941812
"J7_p1_rep2_hetero",1,0.868932265788674,0.50976953525717,0.752136514004945,0.546669066339156,0.718300172217431,0.529780176295174,0.104856362801541,0.199300170416775,0.735511560973521,0.534392280959753,0.962254791733801,0.824043759603928,0.876298651755083,0.521989698442294,1,0.866860731394634,0.100003851061559,0.727882202243152,0.651991855352595,0.301008655345261
"J8_p1_rep2_hetero",1,0.868327945642934,0.516010155393198,0.77791476604856,0.558033139621719,0.744841969537374,0.540829573857103,0.0987897141120486,0.196148678423662,0.77735932261421,0.521701801092875,0.961281868886893,0.830129332033741,0.861018473416502,0.507801970101566,1,0.854670143103927,0.0908857245037004,0.713182324324867,0.630760433077672,0.300740315284487
"J9_p1_rep2_hetero",1,0.865141845200925,0.517026607244356,0.793361063419073,0.567970925383022,0.742391243704459,0.547262935900995,0.112298143813287,0.221604712227039,0.773288611282359,0.528563808067666,0.961973570556099,0.851475721400588,0.851712898106666,0.511029076098686,1,0.85233072193808,0.114449420713247,0.676041497318441,0.657771227206646,0.280766760321342
"J11_p1_rep2_hetero",0.999999999999999,0.8721847978668,0.533217337591323,0.809571354895434,0.575892319863104,0.736179417013706,0.559891881074312,0.125222930350466,0.249318729146626,0.788718048982916,0.550721792450661,0.963659806804663,0.834553439857239,0.853267834225926,0.532699071762198,1,0.863248158183679,0.131182677001895,0.762949439951245,0.719917080990564,0.302924450278849
"J13_p1_rep2_hetero",0.999999999999999,0.867905992892755,0.503484059916847,0.82057277511233,0.545507565016935,0.729974294713737,0.530439345313717,0.141686385641272,0.239213575808325,0.719482577612627,0.547854008907209,0.976525146260482,0.831945894688472,0.832834671063642,0.533133181225328,1,0.856109074006126,0.133562506443534,0.749813060445687,0.702016592739995,0.283980609077286
"J1_p2_rep1_hetero",0.797506500196626,0.787362586246571,0.518875700684678,0.687352557684046,0.569877426193842,0.591325705986115,0.527934523437553,0.0026394885090908,0.111202522629225,0.631995549100566,0.447752865646458,0.909306359081416,0.797681073049101,0.733046107747545,0.431418835123197,0.981418884885775,0.862255099722277,3.087998510546e-05,0.706875375730374,0.588054533009329,0.268572180279
"J2_p2_rep1_hetero",0.843271806370791,0.817627057165345,0.528013207284442,0.705336139872647,0.533801749153978,0.601247832500994,0.486672292919165,0.0133313626841905,0.107107561109409,0.730716835539127,0.481232446577137,0.931342240027923,0.817778660724441,0.786676874045509,0.462663912806553,1,0.820590749744446,1.957894935838e-05,0.731471914040133,0.60270375453765,0.294841564755623
"J3_p2_rep1_hetero",0.802020185363899,0.84652729338791,0.504006493723726,0.677395528085039,0.511627262232568,0.61003514707137,0.464283427349775,0.0223547005345641,0.10751324821602,0.653517792142783,0.469268509469906,0.936993044001049,0.825019741670378,0.83390403716206,0.454845026371226,1,0.813481291587643,0,0.756520606919319,0.639989101014055,0.296601478782331
"J4_p2_rep1_hetero",0.688628240181692,0.815312470620173,0.511938070886566,0.698538128353953,0.516882387944702,0.638096418463837,0.469469065199506,0.0089573066240856,0.110785677716806,0.550652474618616,0.491533266277802,0.93341483095256,0.794974338851899,0.756585193003644,0.490464502689896,1,0.856785313811016,0,0.800335817903605,0.54893659145643,0.291832536725781
"J5_p2_rep1_hetero",0.701943821032708,0.843544195930794,0.512825268159323,0.711850752439321,0.517045186045205,0.657357652604984,0.479617452538608,0.0150309802508298,0.11493821513606,0.507942113985844,0.492870160890938,0.945508415624342,0.782268190431184,0.8038772601954,0.496397253940486,1,0.894546215190322,0.0001333623795674,0.820914765844573,0.495944420259969,0.291553509005745
"J6_p2_rep1_hetero",0.843969210336929,0.845777129314482,0.520384085479352,0.769436655717151,0.530018848127076,0.664906506532844,0.49080835766664,0.0031495289760431,0.114953239592363,0.627034974579103,0.498397713622162,0.954738722531451,0.801312571945521,0.851226463122855,0.489619934288442,1,0.894153132099381,0.0001023420214793,0.852672265226336,0.570636226249404,0.266725165762036
"J7_p2_rep1_hetero",0.842204867099844,0.846928935197822,0.523053294581499,0.776155941144881,0.539296719435484,0.633602086920294,0.507244067542684,0.0116166090693543,0.117970771604868,0.748950215045575,0.494118167956449,0.960980496359854,0.813303731115734,0.870094411824941,0.479840256932782,1,0.915441423714942,0.0012216283765274,0.804434184869793,0.634691236215796,0.279092764019789
"J8_p2_rep1_hetero",0.890735379968964,0.867226333161969,0.526107546740533,0.777788142046776,0.549946658947824,0.631909262440569,0.517540032844801,0.0035977545260088,0.118759507795914,0.752514763473637,0.47794257815019,0.963615928488681,0.80794709578853,0.844079846742256,0.461781928906014,1,0.910838440830452,0.0002810908265425,0.794702081658144,0.670356158697478,0.282843049119951
"J9_p2_rep1_hetero",0.796399068933886,0.833426872562336,0.496673887084622,0.769492541263466,0.534537706996114,0.586731478282834,0.499457677102382,0.0487614784187031,0.117161233213322,0.767345774222326,0.492110202291742,0.940490674550894,0.801821040826943,0.866981341560036,0.473413630482822,1,0.888726460467759,0.0004261902273215,0.629207523862186,0.692051690422937,0.304126266730312
"J10_p2_rep1_hetero",1,0.832484994815148,0.539550183423835,0.792060978321257,0.568205606684584,0.651052695158863,0.531677673611424,0.0066004120077485,0.116240567371629,0.802290815468574,0.453888333709894,0.958930138225294,0.806574559574304,0.838285372023977,0.436512868042368,1,0.913093633080365,0.0002075734118372,0.843753511947588,0.762604216681208,0.28033161186686
"J11_p2_rep1_hetero",0.909862693976405,0.833462456470448,0.497141683966381,0.75017726546996,0.542264253409311,0.580667917821623,0.504370896745452,0.0370357017095745,0.114072350928908,0.776989550136006,0.469028394891689,0.935240833432886,0.821527569033272,0.862620775047351,0.451155829363109,1,0.88966217615483,0.0006616672408544,0.749083795038641,0.739544235034351,0.281412628421548
"J12_p2_rep1_hetero",0.910592916031629,0.858151299285391,0.528118648127748,0.783159486163747,0.569386176932027,0.61585835012948,0.535036368763338,0.0107028756476599,0.113382565515349,0.831213262625993,0.475108359524928,0.933966125904519,0.826390481120184,0.864143990529893,0.456916651753661,1,0.909514939146099,0.0002973547765464,0.859821008383841,0.81416534560922,0.277560697090989
"J13_p2_rep1_hetero",0.849951465316025,0.868746880643609,0.515216139650838,0.797680159379867,0.562996554322289,0.634216426384176,0.527802561195147,0.010391566989409,0.113699949334415,0.807730018774218,0.471078309792387,0.953366537568183,0.822201537277406,0.827348744638098,0.453237788856487,1,0.891048292067538,0.0005962092247352,0.641929851444531,0.751130530149162,0.280104488984783
"J1_p2_rep2_hetero",0.800854122216299,0.822554552728168,0.519613463771262,0.712368965164256,0.567403231893599,0.598961790294505,0.527613088144932,0.0026792134698964,0.110369141754689,0.59686940956812,0.441054521001517,0.912544372915509,0.795641665539458,0.730785937303085,0.425089936336511,0.982701777691415,0.860999719576518,0,0.668417228426139,0.603078651886449,0.286124573759025
"J2_p2_rep2_hetero",0.846065592822206,0.81871507591307,0.529226006258786,0.703576679412963,0.536438597915789,0.593336850688814,0.490470968516455,0.0146096251550774,0.108232616060737,0.733018002204857,0.476675703584917,0.933850880885299,0.816943119668344,0.7714314931934,0.458048831233635,1,0.830783963029912,0.0002346108893392,0.739503625292895,0.677189472562286,0.291771433106799
"J3_p2_rep2_hetero",0.808671372752309,0.837105331518361,0.503309297444926,0.684070550346274,0.511969779436189,0.619397472104063,0.467509252760031,0.0179356379961642,0.106730912419212,0.613315165848103,0.468052996615382,0.94530148591579,0.826143709857817,0.827772557445039,0.453521993895909,0.999454790535445,0.824017253914904,7.661807124539e-05,0.799670220621649,0.597666092999887,0.296222985828839
"J4_p2_rep2_hetero",0.690175808158286,0.811366410858789,0.50822998072087,0.697368882939233,0.511147025047022,0.640867629141003,0.465510209729796,0.0097052810413672,0.111229747771296,0.527256536838489,0.486761091481885,0.938915886222311,0.794980930152715,0.741724275241271,0.484893517181099,1,0.867307776172261,0,0.810009850994991,0.533671137026663,0.290436986557405
"J5_p2_rep2_hetero",0.70860785722174,0.849859436759655,0.513684906750856,0.726534027989444,0.515859331733316,0.661538895535311,0.481170121155802,0.0038270446254954,0.113666888273448,0.50405232589475,0.487877539954129,0.947962976815176,0.787057454333159,0.804558867665808,0.49117672231589,1,0.896844576192771,0.0003119389426713,0.8390050598673,0.509115204328374,0.29758511428709
"J6_p2_rep2_hetero",0.844369183174954,0.817833350980395,0.51976568405842,0.7714071222351,0.528279983611705,0.665072341230401,0.492751087773452,0.003484691488467,0.11497527552947,0.626592855657492,0.495769127705741,0.953393109347002,0.800299324813693,0.851808615884892,0.488527616070239,1,0.904456390563316,0.0005087467697648,0.874934601936447,0.573186321187712,0.267298517407017
"J7_p2_rep2_hetero",0.859318967690845,0.836544853014958,0.514182704374667,0.753529251029017,0.5297231735085,0.613929947440898,0.499549684265812,0.0037032508237407,0.11688462926592,0.735194751328311,0.486956864180441,0.96072789764184,0.814667075962895,0.802564145027141,0.473009616163033,1,0.910941813458497,0.0005991427443784,0.793664985248954,0.633872121209658,0.280411616952338
"J8_p2_rep2_hetero",0.907117302034664,0.854939891435258,0.52650374147224,0.786185994289796,0.547953382052649,0.651057544983841,0.518441182151207,0.0042570021631195,0.118648385499216,0.78733163353489,0.482290665404945,0.962973099738462,0.811902045020888,0.861876484693645,0.465628995319586,1,0.922791601512493,0.000153339662353,0.78911592251474,0.682462540298886,0.282498902631556
"J9_p2_rep2_hetero",0.803766978978963,0.859237557250345,0.493832946557996,0.72949883381698,0.5300575091572,0.576554577244088,0.497872978292019,0.0421262712050201,0.116388272650594,0.786890761673382,0.48923292915457,0.946629446578789,0.797469123556093,0.858635245412902,0.470708983746154,1,0.905940862867396,0.0002751424157271,0.657538385707824,0.681423165601503,0.312214558904833
"J10_p2_rep2_hetero",1,0.834482494343405,0.535130763090442,0.791991693815308,0.563000914161871,0.650707990394035,0.529138362565746,0.0118609773623438,0.117208957097544,0.793865433651515,0.454682119651635,0.960220200624597,0.807378952303547,0.866992855402247,0.437447877773403,1,0.909921822046264,0.0003178377057798,0.919422582198583,0.746720749679388,0.281212107611816
"J11_p2_rep2_hetero",0.917452217400653,0.844292876074846,0.500428811482811,0.775430745223285,0.542150721577678,0.571876076187694,0.505233257935588,0.0404865189699219,0.11381241512026,0.815465946822592,0.475805163396562,0.935374772014517,0.820975869595396,0.888636341311492,0.457630825929206,1,0.880893965699292,0.0002862678091469,0.763948840282178,0.727431633119471,0.281857576319847
"J12_p2_rep2_hetero",0.944284994252312,0.867076842027565,0.523129403259224,0.802047116952431,0.562041556566466,0.620645186954492,0.530782647361201,0.0061685559205196,0.113154402593678,0.792461096360896,0.46606077316412,0.937656884371392,0.827123896212156,0.873963210125625,0.448224564190145,1,0.896225128786043,0.0003916246584536,0.823502057556306,0.742808656001373,0.280654597255044
"J13_p2_rep2_hetero",0.864689654580973,0.854394812277138,0.513440328749764,0.805063447293843,0.558156108559485,0.641403964806979,0.524709515428857,0.0130122991609146,0.112867088623423,0.795974447189954,0.472205607089504,0.948113081416569,0.823434557501931,0.850520283051837,0.454266012561105,1,0.893245637914686,0.0005178321403716,0.647704781320745,0.776446206081275,0.279858778322945
"J1_p1_rep1_auto",0.951935089214502,0.957356747026124,0.471015467770861,0.930047440966599,0.568737461024503,0.803553686678704,0.563546524724838,0.0083136240557767,0.140092788705089,0.934328613821538,0.643344599905094,0.89671559471518,0.676634691071751,0.869561852801114,0.620604215260828,1,0.881311921423037,0.0133989553251295,0.77789375186959,0.833941798227078,0.334720962637124
"J1_p1_rep2_auto",0.966066100646206,0.951962651965918,0.497147663018276,0.92642015671339,0.60165196989688,0.796355105435035,0.59315167526266,0.0084969695898443,0.139168989019547,0.935953386333803,0.664989243984613,0.903921996560286,0.688313842280891,0.870339512734026,0.642644698242592,1,0.881614124708278,0.0130506277021496,0.746937619556387,0.849364767892,0.32798919819641
"J4_p1_rep1_auto",1,0.940593833899622,0.548513901240017,0.886137802119474,0.623778437808379,0.78587845355186,0.616603174757582,0.0181548127872373,0.150792298779436,0.944633976597299,0.639055014889166,0.900078950490146,0.693839389825542,0.867747163562084,0.62245482690081,1,0.862805060440093,0.0239568084666136,0.746426606047124,0.845231318568994,0.345526686646386
"J4_p1_rep2_auto",1,0.942893882483379,0.557802573182331,0.894635050935931,0.635444623623834,0.784581665011684,0.627543940956641,0.0198117671988264,0.151360046995236,0.945230867888278,0.647909372933093,0.904861429133218,0.698582895468426,0.868177176611764,0.631120411670927,1,0.858045289923189,0.025636265449352,0.772488577450281,0.833852014814633,0.342465183283216
"J8_p1_rep1_auto",0.958179337945327,0.928519821120949,0.555876443198012,0.892748308250829,0.655461230983351,0.82090402318758,0.644926757504722,0.0233502869898522,0.153405604891656,0.96225733608089,0.635406124881455,0.899951794783934,0.701165905617282,0.861298598979252,0.61881763569015,0.998647320663222,0.855795057620166,0.0282457652992023,0.738569892353588,0.904518522414018,0.353565595911722
"J8_p1_rep2_auto",0.983968156874371,0.927303577849379,0.565428690870516,0.885384456797435,0.655851461659532,0.809985683772706,0.647137541285277,0.0269122399407986,0.155622749367729,0.961741787610578,0.650447038114201,0.897490071030154,0.704608706739068,0.893383795180123,0.633288384377342,0.999168058250871,0.867259374750734,0.0295984653241311,0.755631736302434,0.898172372561192,0.333897225760418
"J11_p1_rep1_auto",0.895391698818418,0.926119930578498,0.535703892631293,0.895247655333384,0.637250946559091,0.819558553016898,0.627491710389772,0.0252296410318235,0.147399216983118,0.944060196107492,0.596229892205654,0.918659384587251,0.72277565189021,0.897828836525353,0.579409293743079,0.999593655236528,0.806942882205386,0.0235287173384965,0.595042187644809,0.914849013387898,0.325815962392248
"J11_p1_rep2_auto",0.852465161955243,0.912035161730631,0.53169841196493,0.878470907657777,0.645353118865788,0.799686923240842,0.635006975505247,0.0239624534428632,0.143948168292214,0.950862628614034,0.593892131367457,0.91751394726299,0.728231297480542,0.916938612249499,0.576645429915038,1,0.814588873316892,0.0151981357598885,0.627100029453888,0.905825349622926,0.318630140848806
"J14_p1_rep1_auto",0.969752828424594,0.91862714808774,0.53438624016964,0.901653542210901,0.642570932159969,0.821299483105748,0.63185537745651,0.0208254161450477,0.142165485119521,0.956645908857898,0.587999530238087,0.91794758374354,0.724137444582058,0.896106449361848,0.568445737811568,1,0.854379803151411,0.0188757391086329,0.678264766879958,0.919381205296305,0.33022620170011
"J14_p1_rep2_auto",1,0.914532609340686,0.533709429434182,0.895512898756506,0.636951374495033,0.809779862271916,0.626855881221839,0.0187699968458696,0.138950463522641,0.965691407649438,0.601356895570994,0.920287747899395,0.737990007795763,0.913408564262287,0.58091751541484,1,0.836869618256747,0.0230507039530802,0.607510632351109,0.930137917860171,0.326223330176883
"J1_p2_rep1_auto",0.737157047942276,0.925182184455005,0.526390962097755,0.888833960410115,0.636023443888601,0.825701450597739,0.618822313626977,0.0025821771201475,0.10947725066216,0.744388389433636,0.450177984318456,0.928695578255042,0.630964151029657,0.626831427696666,0.431399153946854,1,0.812544727919535,0,0.695588240442272,0.722557589626029,0.342130242233249
"J1_p2_rep2_auto",0.729019992603452,0.923975290496566,0.523377503808912,0.887013474808221,0.627323289904116,0.82140879337442,0.613714248807362,0.0021584366929894,0.111530660206851,0.726477733607444,0.45274489498404,0.917464651896504,0.634722784738515,0.596249588282238,0.433871201224801,1,0.832439157305945,0,0.701133850724181,0.70919097159517,0.346361351623922
"J4_p2_rep1_auto",0.911540378054644,0.903927267544244,0.53959307619981,0.887249513429384,0.636941024451065,0.852346462133642,0.620173622860437,0.0091932120764225,0.121766197430485,0.900305411949721,0.50855165500885,0.953334451920239,0.714281627900187,0.750686163385189,0.488548494239907,1,0.844623536001057,0.0020292678346118,0.726891299020513,0.868010785861078,0.362554004754905
"J4_p2_rep2_auto",0.8903191895736,0.902923743941554,0.537425973245286,0.872936733271098,0.630008260645106,0.838354811726627,0.616364484907346,0.0082731584504935,0.118823036762645,0.908425829079225,0.508324804781023,0.949659932113989,0.716075274283822,0.741770274105245,0.488367280731836,0.996845441015601,0.851989737901375,0.0012440746799857,0.824749087413662,0.931102213459958,0.34947099545837
"J8_p2_rep1_auto",0.853542038875454,0.857284188924811,0.569109390100031,0.839786506857114,0.634447590759188,0.782054709303253,0.62536249947192,0.0328302909324003,0.14366818366229,0.826668588657055,0.49862870082337,0.962782137386865,0.70547605480924,0.738599001820683,0.48453889592381,0.997180614680059,0.863658771718689,0.0314020562479449,0.826716164831622,0.805539906099367,0.317549943529556
"J8_p2_rep2_auto",0.849122165282824,0.870573732001935,0.568323796816554,0.838528847504624,0.623404784578547,0.765123122824775,0.615034140489068,0.0333579128912269,0.144530484160629,0.792642706250183,0.488552968352335,0.964394913989563,0.706470947935397,0.749428745147938,0.476160642593567,0.99835978441212,0.867655111464664,0.0335027352530683,0.76706714023198,0.817374215110054,0.320676032408176
"J11_p2_rep1_auto",0.900824902173198,0.846353683045874,0.55916324953311,0.84883979238026,0.650750743364028,0.811127318310645,0.640886393494243,0.0251883726974367,0.13180027793663,0.834990420693518,0.478051295572325,0.947870613759572,0.718430161191863,0.711810922760077,0.460633774571646,0.996005627155976,0.857412666342607,0.0180611939151143,0.778555045111169,0.852090555258672,0.319632927844268
"J11_p2_rep2_auto",0.883835809647985,0.884226195098658,0.563247316833935,0.872485583811807,0.642595266562763,0.838213629416681,0.633046906936471,0.0322205595104586,0.135477861255662,0.820612582990856,0.487097271877177,0.955406905552986,0.715180138319847,0.706418092018528,0.469273627663683,0.995312355142408,0.856704630841593,0.026157325709455,0.822055548949537,0.864241451607709,0.348828864699665
"J14_p2_rep1_auto",0.965566966793841,0.910376273995976,0.559546458176027,0.889164797305966,0.664402602177775,0.860446767662514,0.648883124978491,0.0252479578047878,0.131169324832068,0.785823964345729,0.477768813444677,0.94995524726387,0.710359557743314,0.632649649367882,0.459041824848351,0.998100291327526,0.873805244632106,0.0187289404074886,0.769098984217525,0.839708203830512,0.338880327374987
"J14_p2_rep2_auto",0.888121150103022,0.891200160460374,0.559935709035479,0.885911948021688,0.661309282067566,0.849001942370442,0.649020242071506,0.0262792703208324,0.129427986984454,0.766323436754471,0.473327538207198,0.948635471768222,0.707604589333616,0.677770389319542,0.45515797374163,0.996601688943697,0.863164563832928,0.0212204571102554,0.771272903020044,0.816553337830797,0.34192017756852
"J1_p3_rep1_auto",0.980557162870054,0.954134029600585,0.523321400022855,0.919058931013265,0.63446866870463,0.791224365906377,0.615732374228804,0.0796430639456289,0.181487702752851,0.916644761120245,0.541278243391271,0.932993935609322,0.715094517169789,0.849272864353101,0.522694755852044,1,0.82638107182138,0.0812516100978589,0.739437060964207,0.832074824526344,0.315561835135102
"J1_p3_rep2_auto",0.949407255584913,0.945441371140798,0.528300275504702,0.905618900634707,0.64157741594749,0.784086838341496,0.623425671096934,0.0774559734825927,0.178311902195086,0.918569743800003,0.533977599419582,0.93947227512044,0.704351535284896,0.82799324744928,0.514730777442966,0.99899557119328,0.836289530362599,0.0780078026180244,0.751009664148683,0.900530270399407,0.304837078075531
"J4_p3_rep1_auto",0.819842897836795,0.925960670488277,0.535670761362484,0.902605170354046,0.646148546635267,0.789327027549319,0.630486230846387,0.0846432081553714,0.199591746859662,0.823148006932157,0.561796224924065,0.950688984844043,0.701758877788858,0.771545913403996,0.545190780594446,1,0.815975300322601,0.0846078438569251,0.790096916090533,0.793443110792949,0.303422081165061
"J4_p3_rep2_auto",0.851965126442968,0.925977751632205,0.529760493991875,0.899091161819259,0.640470443728588,0.796998326004054,0.623202261920651,0.0894482642061827,0.198440756659697,0.832067162970108,0.551276981715902,0.948640407321894,0.70023783837295,0.775860613507816,0.535146804464561,1,0.832371388577329,0.0910209788392571,0.766589238982876,0.793254478474251,0.308133978811444
"J8_p3_rep1_auto",0.754269940823159,0.927160597972445,0.529899406920809,0.928400334249628,0.641898836205285,0.809693430383924,0.627850308355768,0.088286478807695,0.200061784405559,0.783524141655144,0.537658859423458,0.959513952526869,0.69361064770766,0.70615591616935,0.524051589187518,1,0.822478551800338,0.0919507910167645,0.742259515071639,0.743695451543515,0.309076461683988
"J8_p3_rep2_auto",0.795566243021067,0.917476117238924,0.528072254441434,0.921165870829753,0.633425685746293,0.799161544622811,0.620375643860947,0.0892182960371115,0.200294639988832,0.786763178564311,0.539095239529013,0.955715296969024,0.698154183744798,0.75682621353506,0.525866352429414,1,0.849417636097841,0.0907018381287089,0.748361972414256,0.720920167453985,0.308969655314629
"J11_p3_rep1_auto",0.785971933902624,0.946570704447812,0.534989013185247,0.928667148185418,0.645665568653267,0.831056600127968,0.633311479607606,0.096213742846352,0.204668554500085,0.810280094687169,0.536749674893821,0.961820524715896,0.681700720823454,0.746633759349903,0.5196505828514,1,0.819530460563431,0.101049139517462,0.761662209748838,0.780228821841765,0.318446696078418
"J11_p3_rep2_auto",0.775699016871338,0.932476720347374,0.519283426624754,0.914319363712846,0.629366954681712,0.818556453602467,0.616140373225673,0.105168405496428,0.2082484896732,0.798360292539068,0.524644354881021,0.962512600865336,0.677851576449937,0.684960670614999,0.507096929148585,1,0.822414496173387,0.11208021024325,0.727837391722012,0.698988222936086,0.315926224805014
"J14_p3_rep1_auto",0.853392985241051,0.93200705972306,0.508248192897466,0.918184643128727,0.620047543630009,0.817769839603411,0.605263718919838,0.106578668720928,0.210537542950485,0.822884226222801,0.526093722798417,0.963863471742395,0.727936270298703,0.710732296057049,0.507323834555865,1,0.812164518059872,0.107312873002475,0.763371983023248,0.78348830210744,0.323924666428827
"J14_p3_rep2_auto",0.678782842679985,0.967815227035719,0.551263131958019,0.953416193164134,0.662974832184305,0.841206483761518,0.647035261287467,0.0921383194295042,0.205670703449606,0.807505546481798,0.524955899052971,0.967586093701019,0.686254460255881,0.649493179840701,0.508190822888732,1,0.859681965709745,0.0956422550755012,0.760104292623386,0.766435574003656,0.318889768374229
