"","MCP_B_lineage","Epidish_BPRNACan_B","DeconRNASeq_BPRNACan_B","Epidish_BPRNACan3DProMet_B","DeconRNASeq_BPRNACan3DProMet_B","Epidish_BPRNACanProMet_B","DeconRNASeq_BPRNACanProMet_B","Epidish_CBSX_Fig2ab.NSCLC_PBMCs_scRNAseq_sigmatrix_B.cells","DeconRNASeq_CBSX_Fig2ab.NSCLC_PBMCs_scRNAseq_sigmatrix_B.cells","DeconRNASeq_CBSX_scRNA.Seq_melanoma_Tirosh_sigmatrix_SuppFig_3.b_B.cells","Epidish_CBSX_sigmatrix_HNSCC_Fig2cd_B.cells","DeconRNASeq_CBSX_sigmatrix_HNSCC_Fig2cd_B.cells","DeconRNASeq_CCLE_TIL10_B.cells","Epidish_CD226_B","Epidish_Fig2ab.NSCLC_PBMCs_scRNAseq_sigmatrix_B.cells","DeconRNASeq_Fig2ab.NSCLC_PBMCs_scRNAseq_sigmatrix_B.cells","DeconRNASeq_scRNA.Seq_melanoma_Tirosh_sigmatrix_SuppFig_3.b_B.cells","DeconRNASeq_TIL10_B.cells","CBSX__NSCLC.scRNAseq__B_cells","CBSX__HNSCC__B_cells","CBSX__TIL10__B.cells","CBSX__CCLE.TIL10__B.cells","CBSX__CD226__B"
"Patient100",1609.19850267339,0.0222220339569951,0.0359463557493496,0.0244783241518724,0.0285245562945454,0.0248203411486123,0.0175539558112728,0.512762843272683,0.528276195674393,0.0447170523651641,0.0216987424667276,0.0942028613393471,0.0611958213310623,0.104680686556891,0.512762843272683,0.528276195674393,0.0447170523651641,0.0956207357706357,0.619309116435128,0.0214156977158138,0,0.0127188375908456,0.182742880824192
"Patient102",89.4222247826066,0.0111953757388516,0.120811196558176,0.0112035477477312,0.111779852694438,0.0162976020464318,0.103763432975545,0.7130016668329,0.337858672085494,0,0,0.119153404264599,0.0652179519935085,0,0.7130016668329,0.337858672085494,0,0.124213687062115,0.638958067380519,0,0,0,0.179537820259853
"Patient105",14.9504771978767,0.0157700331749107,0.106143371710827,0.0255361381296837,0.10209909345027,0.0344367873912655,0.0986509933002596,0.409098359175249,0.328945585972863,0.0800755877008901,0.00844852274012445,0.139595883432147,0.065503040048264,0,0.409098359175249,0.328945585972863,0.0800755877008901,0.160579386755585,0.412039645459551,0.0288859611985424,0,0.0090742588715349,0.208221350917331
"Patient106",338.082724515293,0.0170872808135759,0.0725818448099779,0.0170578179837362,0.0642161428267747,0.0217975878524484,0.061967130693603,0.942409475063247,0.348941745616336,0.0582967767254856,0.0262859345446912,0.137157709286171,0.048829659041018,0.120791019444481,0.942409475063247,0.348941745616336,0.0582967767254856,0.111186688894614,0.873145322097676,0.0276412237967862,0.00297682482273758,0.00679695439485825,0.220322349210385
"Patient107",100.590510360222,0.000717311368697269,0.0916734847013977,0.00140222985383239,0.0859673504557193,0.00234715057634389,0.0843182950599946,0.540332030519642,0.325109600670176,0.0466730903172873,0,0.123684160435517,0.0396714040573116,0.0300654775295514,0.540332030519642,0.325109600670176,0.0466730903172873,0.0503136920993182,0,0.0233492354889966,0.150204981791539,0,0.23073603156995
"Patient108",3.39215489855556,0,0.0920598598996362,0,0.0888862612367393,0.00846720811012035,0.0882927428708075,0.629137082033171,0.329047857663358,0.0707628672958275,0.0138503162242102,0.137735366309324,0.0603329809581641,0,0.629137082033171,0.329047857663358,0.0707628672958275,0.0865757462273361,0.774595816615414,0.0249945001255143,0.040377654916479,0.0328506708215702,0.208960755069548
"Patient10",118.825146586317,0.019708877187544,0.0727523862156125,0.0227627888869206,0.0664894394364457,0.0240524407276815,0.0724751790982263,0.849919208446008,0.356687081192319,0.0586785984847878,0.0190391190485266,0.126485355968577,0.0208051202517512,0.0660150171533229,0.849919208446008,0.356687081192319,0.0586785984847878,0.146569049944868,0.627489406265714,0.0276133896466755,0.00812804348013145,0.0131531206496863,0.18833888418068
"Patient112",260.800308848073,0.011269592687499,0.0563430031011111,0.0124904898183399,0.046743874192157,0.0156538869069738,0.0504607638191887,0.820439313905447,0.344437558564179,0.0759323778518599,0.000976060125294946,0.129423357120251,0.0332450563123199,0.206207873647115,0.820439313905447,0.344437558564179,0.0759323778518599,0.116725727992702,0.672011124005967,0.00630284341790259,0,0,0.242455535162825
"Patient116",19.1579700353382,0.0140180180688644,0.0708525934829913,0.0139895624090676,0.0626313619448328,0.0188106739231841,0.0563008620508533,0.937694738170057,0.35196584889943,0.0678449461225517,0,0.120203122259473,0.0385330405749465,0.0514033431628985,0.937694738170057,0.35196584889943,0.0678449461225517,0.134256578187294,0.870375174184527,0,0,0,0.211654248403698
"Patient117",412.164324104785,0.0100499485986589,0.0365175046258542,0.0106421609306934,0.0224326050378214,0.0107691776401652,0.0117290652230116,0.972812180366625,0.489744824642653,0.0158962459123911,0.00669401914087933,0.102562862265579,0.0609918610762627,0.132406430435513,0.972812180366625,0.489744824642653,0.0158962459123911,0.104526540215334,0.928015596496154,0.00846482198377965,0,0.00883879564685914,0.200107879925175
"Patient11",19.448578863078,0.00878048964304455,0.0891076414562967,0.0113582117276225,0.0783179490921423,0.0140003041082693,0.0705166808465982,0.916932279391624,0.353716468196724,0.0606980037787768,0,0.134263336135347,0.0358599438034893,0.0497666550134597,0.916932279391624,0.353716468196724,0.0606980037787768,0.12586587860217,0.851578103017455,0,0,0.0202027864308529,0.193636398422869
"Patient121",170.110784349665,0.0102965211145092,0.0745372862203044,0.0124046228062648,0.0661262077826885,0.0164552483801334,0.0597567584684969,0.815346758067409,0.372049072391474,0.0647423664091951,0.0123728447434654,0.128015443626473,0.0462194023124792,0.141794401055361,0.815346758067409,0.372049072391474,0.0647423664091951,0.131426020606679,0.696073973300126,0.0130089097944851,0,0.0030763121141097,0.222349579599367
"Patient125",6821.44510485787,0.098626382001924,0.0785880831286386,0.102086680562618,0.0726014763094269,0.101455169330684,0.0737872537472451,0.441973625922892,0.618959624565367,0.104840464297449,0.203222375809619,0.284586191138124,0.0547063430573469,0.28785484552898,0.441973625922892,0.618959624565367,0.104840464297449,0.0912871835290341,0.435265750219212,0.202599754619197,0.0688204720380669,0.0477863712729985,0.214678524687042
"Patient126",155.237958707448,0.0123150734781235,0.0765570877862762,0.016053611443835,0.0692455832556028,0.0135062810082496,0.0628221977087684,0.941217973618777,0.452403238847031,0.0626249629397545,0.013252009638618,0.122321178029948,0.0734830925204323,0.19500872545216,0.941217973618777,0.452403238847031,0.0626249629397545,0.121434968346297,0.918653544266856,0.0177790303248689,0.0410343804016533,0,0.207914506740566
"Patient127",10.7863975249238,0.00984680364529985,0.101451966275165,0.0133714503869399,0.0934322761488821,0.0278712777741879,0.0938783769943833,0.849767907635269,0.327963059474893,0.070840898188944,0,0.138145510143007,0.0777154798399738,0.0688764726755643,0.849767907635269,0.327963059474893,0.070840898188944,0.16513539194939,0.85736180825442,0,0,0.00806136499451593,0.219586374590205
"Patient130",890.373912739397,0.0149412636211938,0.0793786302606247,0.0146896854992988,0.0650669432212959,0.0228606702767601,0.0641390474132765,0.943100853962513,0.439223318890756,0.0500404185787216,0.0973278979824108,0.139294652778405,0.0341075642169939,0.2240670049547,0.943100853962513,0.439223318890756,0.0500404185787216,0.106811685012419,0.900708333682399,0.0953871199272765,0,0,0.212182698561685
"Patient131",17.8263909700355,0.00722281867733716,0.0930539514015467,0.00693801063384302,0.0786486219839386,0.00768194853006806,0.0710820218335183,0.841575945682311,0.347651333767483,0,0,0.0953595804684441,0.0895886451759926,0,0.841575945682311,0.347651333767483,0,0.140837792529519,0.826632814572097,0,0.0129092435937303,0.0181017073563462,0.195243505888128
"Patient132",1197.88473401767,0.0702110032571237,0.0778212462403848,0.0773467700490491,0.0699951629938163,0.069041466838257,0.0580687703866759,0.811309470798457,0.439767512357501,0.07654105632587,0.0385735477547167,0.132108579123645,0.0959590754406104,0.307472485254279,0.811309470798457,0.439767512357501,0.07654105632587,0.165976173972853,0.759500663476116,0.0380807029699822,0.0758214472472025,0.0841886701779712,0.239998913573183
"Patient133",1324.18732938888,0.0162205666273898,0.0707363844235674,0.0169090503667582,0.0550445243955032,0.0198206623103827,0.0499638962363674,0.912266722969537,0.390998340525217,0.0690308965194692,0.0158547813678716,0.124017451862744,0.0450410686334095,0.143787105121773,0.912266722969537,0.390998340525217,0.0690308965194692,0.148741907228175,0.834832772909854,0.0187774117599376,0,0.018423964586782,0.194812179011869
"Patient134",1889.82410955557,0.05241679860139,0.0703215546557623,0.0518892541812223,0.0601631622604019,0.0425767502112245,0.0479404370068633,0.65040868871449,0.439083415670565,0.09240021744733,0.150416383692844,0.178489832896833,0.0464759389659783,0.189984718309397,0.65040868871449,0.439083415670565,0.09240021744733,0.101693906920246,0.633044799816394,0.139618944970359,0.0113508260021336,0.0127886150855986,0.231136298982131
"Patient135",132.781817776826,0.0174941704842201,0.0759335556005316,0.017593128695267,0.0658475486047186,0.0216125263661795,0.0624916180894161,0.857935378419004,0.420016000718448,0.0738456414290219,0.00141886743192253,0.114412407922342,0.0255560324585265,0.0842498917128971,0.857935378419004,0.420016000718448,0.0738456414290219,0.117605566364902,0.805579123241789,0.011772934563762,0.0167672122498573,0.0185190172471279,0.229905492340047
"Patient137",2663.41033877235,0.0439246952785817,0.0578485625514921,0.0438478873359162,0.0492330183809221,0.0500470503819171,0.0405219386127086,0.629585774579601,0.688997657672771,0.0845133909502339,0.0784385633650068,0.139625878262699,0.0224863505446516,0.208997059818887,0.629585774579601,0.688997657672771,0.0845133909502339,0.0874597566808714,0.718131201947389,0.0747251260235059,0.0224189966093691,0.00412181238193191,0.226145514041681
"Patient13",13.9870264888154,0.00824566775152808,0.0707490378617534,0.0111798617761232,0.0670881655329054,0.0184997543648986,0.073314563536888,0.840041438908959,0.34802196210867,0.0673412386168457,0,0.136873675727377,0.0411686468605748,0.0303564112972907,0.840041438908959,0.34802196210867,0.0673412386168457,0.171139152099702,0.82362919118644,0.00010860639237571,0,0.00079510189172612,0.189861547549081
"Patient140",0.8546578689499,0.00781804778672689,0.0754278459859887,0.00912442646016696,0.0683455866514865,0.010374465201985,0.0643397933263521,0.829262649662153,0.348974452528441,0.0720447906135076,0,0.130007852784629,0.0565059867601672,0,0.829262649662153,0.348974452528441,0.0720447906135076,0.166612612351385,0.810382099405913,0,0,0.00323161890164855,0.192736682050941
"Patient141",0.877211428822556,0.00449697673916856,0.0994419935956893,0.00487331584043912,0.090390009396048,0.00739281569494614,0.0816965869943725,0.474696479569658,0.327968704557297,0.057917824277299,0.00181651825545398,0.129202497155224,0.0254691558940506,0,0.474696479569658,0.327968704557297,0.057917824277299,0.109794244230573,0.670287521769711,0,0,0.0250363945813607,0.188593806136563
"Patient142",39.0051769714077,0.0113571811885228,0.0869514638004781,0.0133458027472218,0.0734618874351232,0.0150576699443237,0.0701759713929526,0.835037424987503,0.395566598842594,0.0143319691546075,0.00147845916333544,0.105919294218656,0.0664944097270417,0.0626501904139879,0.835037424987503,0.395566598842594,0.0143319691546075,0.120778234383411,0.783368135566314,0.0100332386797272,0,0.00314904180683884,0.196918521068497
"Patient143",0,0.0013892027221741,0.0996360153302118,0,0.0890130779209728,0,0.0716157993634591,0.996159399897081,0.391642807900307,0.0357944176250206,0,0.126566365347165,0.106686131307578,0.581234761501089,0.996159399897081,0.391642807900307,0.0357944176250206,0.174795394472337,0.171424112560127,0.0529825335626426,0,0.0861982244798409,0.319037213942348
"Patient144",10.8685048926489,0.00670446368670135,0.0844789709487004,0.00745571618451654,0.0726328528182096,0.00964090138458027,0.0626522692027449,0.922104527906844,0.348426197199348,0.0512261822071334,0,0.121766791417472,0.108624564502213,0,0.922104527906844,0.348426197199348,0.0512261822071334,0.185168648706499,0.81564487901827,0,0.00945040576898063,0,0.17653917984972
"Patient145",12.4911808486252,0.00999692179755149,0.0735167887234529,0.00998771688913987,0.0592265034665695,0.0121909937029914,0.052117852213189,0.86757603726494,0.44813255316157,0.0398151786051126,0,0.0937152068565607,0.0775648585421146,0.101885250210355,0.86757603726494,0.44813255316157,0.0398151786051126,0.123286863464641,0.7887256155624,0,0,0,0.20805765370079
"Patient146",34.3066658069285,0.0114048682487845,0.0840812684918866,0.0139920591841943,0.0769617921970832,0.0134192547060075,0.0669877959966511,0.860431165180673,0.352983057949671,0.0573473946569587,0,0.125396071888033,0.05001144019935,0.0462882452797585,0.860431165180673,0.352983057949671,0.0573473946569587,0.152779374656445,0.815833383329058,0.00369119489736828,0.00466340876068341,0,0.195980867544171
"Patient147",3.15143246366873,0.00636235085813765,0.0720517436094107,0.00740907993048042,0.0636517545729288,0.00725262241326077,0.0531414946918042,0.898487137399494,0.335517350878586,0.0648869905942632,0,0.137705945560231,0.0499393400034943,0.0309959182045951,0.898487137399494,0.335517350878586,0.0648869905942632,0.158748170587598,0.814037466353072,0,0,0.0060460737556399,0.204047858215352
"Patient148",46.2649438991765,0.0289640010711141,0.0972747008829574,0.0332787214331573,0.0908595610289729,0.0425578961582269,0.0818722836635435,0.929374414190724,0.340605658413744,0.0631480013502197,0.000499083971594078,0.136935897616622,0.0773299380631238,0.087036240970022,0.929374414190724,0.340605658413744,0.0631480013502197,0.174454016357913,0.856803752422453,0.0115727422527607,0.0062124538508456,0.0174785879951216,0.216042668354134
"Patient149",381.33389949647,0.0371338826862213,0.0719080660937356,0.0349448041890254,0.0597692159343943,0.0283350318522096,0.0472006838773608,0.806406565385731,0.498119255263792,0.0442510830788328,0.00352347658610958,0.0986292642640772,0.0828258475782691,0.162802455183627,0.806406565385731,0.498119255263792,0.0442510830788328,0.131522246650419,0.779083404948217,0.00280968885901368,0.0353560869880737,0.0177751128344771,0.223144000148
"Patient14",14.1498923076939,0.0168265364032368,0.0680145818629594,0.0185563111511756,0.0540653845726773,0.0195113916946227,0.0446396010091714,0.909677619597953,0.388051381901309,0.0509667239046447,0,0.117165156963156,0.0388383140152279,0,0.909677619597953,0.388051381901309,0.0509667239046447,0.107969520257502,0.856237511707362,0,0.00637706369197853,0.0101241893176697,0.189794994511768
"Patient150",329.761838323764,0.0158029800408081,0.109423954406072,0.015263962076527,0.0991754274133852,0.0136855403835746,0.0860388402068507,0.937942910207588,0.353909279227798,0.0853961993661664,0.21920134885313,0.180100645522399,0.0420428196602905,0.0591162450789785,0.937942910207588,0.353909279227798,0.0853961993661664,0.110177632887465,0.81806596932074,0.215728746919046,0.00028880107312402,0.0106265268342004,0.20154319650871
"Patient154",443.333519311099,0.0160044805059036,0.0656903517519498,0.0172950671035362,0.0569929020716943,0.0188473357502877,0.0477989834231479,0.855152634314453,0.349038924227928,0.0641894500328724,0.00476867606483029,0.109477560284803,0.0836270228819843,0.0239521113843294,0.855152634314453,0.349038924227928,0.0641894500328724,0.109953591522129,0.881509839188175,0.00339330724600055,0,0,0.213146494104463
"Patient155",1.82137172679067,0.00438955193734871,0.0453375551353676,0.0044289324039516,0.0355550148716923,0.00368349654285996,0.0276410774696274,0.545372689892901,0.330530288868915,0.0666694344237737,0,0.107316489107996,0.0257320830019955,0.0381242045759686,0.545372689892901,0.330530288868915,0.0666694344237737,0.0989253567658184,0.538678927329056,0,0,0,0.188590769882126
"Patient156",1.46782360164961,0.0123373200034369,0.0668414713351801,0.0115526596645716,0.0515616001410172,0.0130839423599874,0.0458512119573634,0.911642405231996,0.339975404823397,0.0662760373259132,0,0.13019869273812,0.058425845150411,0.0308448147391057,0.911642405231996,0.339975404823397,0.0662760373259132,0.124898078145196,0.799029633098651,0,0,0,0.178136602648114
"Patient158",78.2450981705036,0.0158500375966232,0.0659622674512136,0.019271143228128,0.0634105611913095,0.02252468656789,0.0646314493374242,0.900896896834483,0.398684723300762,0.0605128526800787,0.00487143706466858,0.14066373264834,0.0222531948463205,0.0765698226486164,0.900896896834483,0.398684723300762,0.0605128526800787,0.131573150173961,0.83524721351357,0.0164226804590632,0.00765472189402839,0.0100573370014878,0.194200175023467
"Patient159",282.764456128563,0.0140463451037657,0.102882254457057,0.0148010164212993,0.0910470645252392,0.0186109113931612,0.082537027902652,0.873579970145309,0.340541888944114,0.066230919506557,0.0100143228766255,0.136170158590832,0.0168626241984094,0.08824483287071,0.873579970145309,0.340541888944114,0.066230919506557,0.12548761953006,0.738152455085258,0.0178555371367223,0,0.0136590351660246,0.213588284727812
"Patient15",40.7133006180174,0.0509547468166662,0.0978975923837033,0.0550467439959169,0.0898012360182688,0.0702754595172965,0.0908724931401189,0.77861038704691,0.353613350760713,0.0757666728988052,0,0.133641303750706,0.0189129445577014,0,0.77861038704691,0.353613350760713,0.0757666728988052,0.0938768287429828,0.757757077479824,3.888807641318e-05,0,0,0.220146553484889
"Patient162",761.17376303092,0.0256731074663621,0.127261816579511,0.036917176774367,0.119945845590392,0.0503365719610555,0.117162060027789,0.940383268548588,0.400800576438626,0.0623951781944434,0.0580603429491122,0.141059642054703,0.0869323885273756,0.142559388324095,0.940383268548588,0.400800576438626,0.0623951781944434,0.135332152326826,0.875045577338304,0.0609165578345739,0.0146988873979945,0,0.239975720377026
"Patient163",119.957214134436,0.0496581983925429,0.104873063555357,0.0526015394180856,0.102038023001411,0.0534673758542196,0.100783351002984,0.855215816602839,0.361773500050862,0.0790079760693002,0.0285544414974076,0.143840798603248,0.0491897655210149,0.0532530641471754,0.855215816602839,0.361773500050862,0.0790079760693002,0.153852792708365,0.813276380549341,0.0515129936498677,0,0.0147448446673654,0.253698953599188
"Patient165",39.9557204788404,0.0141116935959829,0.074699059711537,0.0126852485274149,0.0642690066085475,0.0121690322549768,0.0604069747493031,0.814518785686033,0.357941550151728,0.0261314958052232,0.000110333677554219,0.117320931924387,0.0118292042597438,0.0536712393816611,0.814518785686033,0.357941550151728,0.0261314958052232,0.126649188925752,0.774349938461326,0,0.0010197299556994,0.0219292085150644,0.188634493342407
"Patient166",2.78728673200249,0.00679836080242988,0.0819292307311013,0.00959658223103962,0.071157292002515,0.00794295901397186,0.0606953542237792,0.857131410617062,0.329897036032943,0.0565331126315736,0,0.136800684032434,0.0543173727324141,0.0090586145665296,0.857131410617062,0.329897036032943,0.0565331126315736,0.151379472010364,0.727448338544212,0,0,0.0178588157419332,0.206425698047656
"Patient167",30.3551871691046,0.0142346417500909,0.0696859565092886,0.0172738099207651,0.0567582792346426,0.0194506297490727,0.0499941572418594,0.90794204013242,0.348641145989234,0.0617818737094042,0,0.138148970859649,0.104711286741366,0.217783061493275,0.90794204013242,0.348641145989234,0.0617818737094042,0.185778536386176,0.850395915991582,0,0,0.00259610539494875,0.240437206537564
"Patient168",13.9536092970527,0.00504110943468647,0.0741367820084017,0.00398941124223623,0.0627165802164176,0.00651092278606308,0.0590715425086831,0.635512234608206,0.333684468027963,0.0435105895155603,0,0.132671410279532,0.0448328753216796,0,0.635512234608206,0.333684468027963,0.0435105895155603,0.155398341272178,0.710570693436574,0,0,0.00104382987992198,0.151548242179557
"Patient169",10.122571889731,0.0128355475207427,0.0762214744979773,0.0196232008221799,0.0733326484963971,0.0244011425504737,0.074845368024118,0.895130900183392,0.481776332075196,0.0666170249669699,0,0.101291380473785,0,0.0830629740913474,0.895130900183392,0.481776332075196,0.0666170249669699,0.0755506879391671,0.839228076038525,0,0,0.00369845399200169,0.233589233856285
"Patient170",3.75535968363737,0.00916688597932037,0.0857613262528729,0.00813602309393896,0.0759639920338788,0.00704905446117837,0.0615618261848877,0.876418963090886,0.348520810977551,0.0697315252388802,0,0.12958839202115,0.0683909273570405,0.0895828980838366,0.876418963090886,0.348520810977551,0.0697315252388802,0.151348771421833,0.894693741810715,0,0.00783842695539158,0.0056400908486185,0.205265194857562
"Patient172",17.6601028037087,0.0112769095653174,0.0438174276181593,0.0126085254369337,0.0370022094760058,0.0138932202492772,0.0290090023641655,0.646893000256341,0.448316745096045,0.0666610216190786,0,0.0910957447658206,0.0542565266310461,0.156115467955375,0.646893000256341,0.448316745096045,0.0666610216190786,0.0905263780013985,0.612424062000439,0,0,0.00546357135071201,0.225212186271716
"Patient173",6.60391400403211,0.00987117143653786,0.0777829801707625,0.0113824986529758,0.0689525234817839,0.0170788807430633,0.0649355090012056,0.89240928243548,0.354622351605568,0.0308565082849365,0,0.122466362377257,0.0299301968423497,0.0358295236832916,0.89240928243548,0.354622351605568,0.0308565082849365,0.131255949469425,0.803752115400504,0,0,0.00247744324306976,0.191236468480797
"Patient179",2.35809098090322,0.0197883949703854,0.116573201989132,0.0213464906102577,0.108548561157837,0.0228911133163651,0.112910319364966,0,0.327393570752326,0.0753601427389405,0,0.136320120308358,0.0389640443525771,0,0,0.327393570752326,0.0753601427389405,0.193888096796962,0,0.00154660148858994,0.0659609934681287,0.0239125479997492,0.196198203156631
"Patient17",537.63422630406,0.0168199141623926,0.0450168014088771,0.0173266410738069,0.0312913284788718,0.0183517334709796,0.0296841897381984,0.932912978547851,0.463814178762178,0.044365055188857,0.075479052184745,0.132938112046034,0.0921873898832043,0.213905592869944,0.932912978547851,0.463814178762178,0.044365055188857,0.187586574157103,0.868241608173875,0.0763694578822263,0.0389845591741074,0.0278739948222885,0.218635752858199
"Patient181",8.44234169931704,0.0132170068720846,0.0730957485881495,0.0132504995578493,0.0619848576612614,0.0189837609761723,0.051645798019233,0.86914382175906,0.381541587154536,0.0415431260573655,0,0.113754065551929,0.0440297537057283,0.122505679951014,0.86914382175906,0.381541587154536,0.0415431260573655,0.10829602990508,0.746548824408452,0,0,0,0.216323240526088
"Patient183",268.520425611349,0.0841640378702902,0.101183620347004,0.101806924648995,0.103662335609694,0.105258210657019,0.103588506612685,0.855633746935955,0.3500602333567,0.0579819793776254,0,0.132765056526538,0.0672885427925367,0.0467075063578441,0.855633746935955,0.3500602333567,0.0579819793776254,0.115037845939724,0.764266949421157,0,0,0.0230717391003536,0.250065555263521
"Patient184",9.1816454607,0.00653454398665957,0.0823180162503226,0.00644459755528818,0.0658695862146776,0.00389760880231865,0.0529008907618138,0.899810339764697,0.357178648568451,0.0633152417718695,0,0.108401247092995,0.0477536508590067,0.115986533603069,0.899810339764697,0.357178648568451,0.0633152417718695,0.100906395463431,0.887908720724343,0,0.00530707506059386,0.0223024523951553,0.210397951764148
"Patient185",41.3293376507822,0.00945594912200816,0.0555421776733082,0.00833522545828577,0.044737205795378,0.0106813733663545,0.0461427309197266,0.90068270610873,0.341135661020192,0.052472508668322,0,0.125633679910945,0.0325265180934756,0.00834978328992355,0.90068270610873,0.341135661020192,0.052472508668322,0.108640096870155,0.82024707096345,0,0,0,0.192619004681161
"Patient187",875.310288996436,0.015364137232245,0.0811938861778121,0.0161957961291155,0.07177651261527,0.0138423121381497,0.0614487781073947,0.93205662651497,0.397049617373677,0.0571607640078216,0.00081020666619722,0.114196362698336,0.0707465527488115,0.0456837407879589,0.93205662651497,0.397049617373677,0.0571607640078216,0.126976909232955,0.901216952935187,0.0014075053470323,0.0343539015353031,0.00101322479934474,0.211445484968662
"Patient188",54.4453002658189,0.00882174080062247,0.06161165199046,0.0109158007331618,0.0566293883696858,0.0120166558985762,0.0596463295094218,0.929579882106068,0.336141792477906,0.0758276058854396,0,0.133962456041624,0.049495788159241,0.0595643158914133,0.929579882106068,0.336141792477906,0.0758276058854396,0.152735677790237,0.784591064588775,0.00014142157450452,0,0.00216480784925808,0.234148673082177
"Patient18",31.274594870911,0.012015666308192,0.089764601067618,0.0142353218204191,0.0823201909405117,0.0217968888169799,0.0824919941638212,0.90364622797384,0.34175517601815,0.0094899860699737,0.0089747604136786,0.135400226368776,0.0359133211596637,0.0758113386870543,0.90364622797384,0.34175517601815,0.0094899860699737,0.115889816411537,0.81405044215453,0.0113436101172277,0,0.00647845496817526,0.193158659603526
"Patient1",223.533702444439,0.0288323676185927,0.121415866794801,0.0337024825178822,0.12017872893814,0.0444548418001144,0.111363180516059,0.881360999510551,0.33536361244096,0.0759468089125584,0.00745144272762486,0.140747894055191,0.0688405541913917,0.0197354868917946,0.881360999510551,0.33536361244096,0.0759468089125584,0.130737708265943,0.739970397623184,0.0178251041790228,0,0.0244621491033035,0.217165046478168
"Patient20",34.8568649651617,0.00523971284826042,0.0659167600832526,0.00538441714448452,0.0520394041547005,0.00665060654223401,0.0429349848108826,0.914608893366199,0.447894957278903,0.0551055363892281,0,0.10846424284394,0.0567888590369751,0.223604315351522,0.914608893366199,0.447894957278903,0.0551055363892281,0.118116340414082,0.888515625888742,0,0,0.0144538704524354,0.217425379910722
"Patient21",26.7674984085741,0.00768700575450342,0.0875662759704527,0.0108044333075941,0.0783333548302653,0.0157612566798245,0.0797972209432581,0.81724295913923,0.335466311559272,0.0654999961425586,0,0.140723689024504,0.0395432460455886,0.011032535431835,0.81724295913923,0.335466311559272,0.0654999961425586,0.150416172481842,0.730674740654072,0,0,0.0264047553387021,0.184792851546757
"Patient22",0.872323248988244,0.00633389030092584,0.0925375897873756,0.00997940900320811,0.0872741049141377,0.0128259294260163,0.0781094815006699,0.865706023822823,0.333052250271826,0.0677194956327246,0,0.14011841872823,0.0684955482057067,0.0113827018055296,0.865706023822823,0.333052250271826,0.0677194956327246,0.138509788699068,0.792587989435664,0,0,0.0214549943910515,0.196877750792714
"Patient23",72.7962893340914,0.0103281567417126,0.101651236584571,0.0122451130661303,0.092826360845624,0.0113211669304969,0.078865572334086,0.909695625930948,0.33959870916581,0.0644775854588437,0.00624691617249629,0.133848687367601,0.0523916434970927,0.0214283398142629,0.909695625930948,0.33959870916581,0.0644775854588437,0.149491371855016,0.763212607466663,0.0144970419872907,0,0,0.170808451980447
"Patient24",125.046079191494,0.00451014594581009,0.0765669693682088,0.00551371574999152,0.0676904019005615,0.00847138130140496,0.0618157339529389,0.770203502437539,0.329059857414446,0.0611049608510317,0.0118239695077737,0.108451700198007,0.0211200084130116,0,0.770203502437539,0.329059857414446,0.0611049608510317,0.0985080765634538,0.65692013024373,0.0123841242658842,0,0.0287951439248829,0.198730491498443
"Patient25",6.28866614761811,0.0111157163615551,0.0689036507018418,0.0133958107942976,0.0599870486669761,0.015080685394219,0.0488105449261107,0.955662311820477,0.365595054675835,0.070899995034429,0,0.121722422310165,0.0728000336661899,0.119686845908997,0.955662311820477,0.365595054675835,0.070899995034429,0.128143871792623,0.902670095931789,0,0,0,0.223217457077084
"Patient27",949.915256306872,0.160185749786558,0.14570372976737,0.168976339263933,0.1414185880213,0.158410130910041,0.134178253369861,0.66465201313231,0.356631812245529,0.077220988147634,0.154237749504018,0.152281043934267,0.0837659414001608,0.134249681459566,0.66465201313231,0.356631812245529,0.077220988147634,0.213519285876253,0.630648941305642,0.187675436769014,0.230220417150557,0.0292207272049337,0.244468931751985
"Patient30",89.3655160208473,0.0119066728807952,0.102058399924871,0.0154993057813899,0.0951470896879292,0.0290668399302863,0.0848388788151332,0.856365732477578,0.414920698265257,0.0666005691839497,0,0.120740992695853,0.0452744151791479,0.193789027025203,0.856365732477578,0.414920698265257,0.0666005691839497,0.0956626316025316,0.843865048461581,0,0,0,0.245386981002508
"Patient31",307.334847481733,0.0104052502007365,0.10136317260773,0.0137800350023722,0.09360269609514,0.0173214068062798,0.0931652309903206,0.960052514117297,0.373168928668478,0.063288071575409,0.00494179237660705,0.120592283664666,0.0394428021438003,0.0950995821584301,0.960052514117297,0.373168928668478,0.063288071575409,0.129461968672048,0.870450765632767,0.00604176192871251,0,0.0278221841388082,0.236763048771733
"Patient32",7.17654660550289,0.00670711778656361,0.0910841009873306,0.00902630779523614,0.0859939906948623,0.00950659016273053,0.0765405753103575,0.703551279765805,0.331566799833149,0.0655258433732525,0,0.129453592088382,0.0774127031249583,0.00401424201633182,0.703551279765805,0.331566799833149,0.0655258433732525,0.141053235101202,0.738086509567113,0.00127024250904121,0,0,0.188590052137633
"Patient33",2391.14683363488,0.103376523230715,0.0722699103994611,0.106829415179006,0.0606943008308072,0.0994531251429788,0.0506006794330344,0.91686831716751,0.438396698317674,0.0692893531497886,0.0457373935088165,0.124679673141995,0.116915735912892,0.16045282225374,0.91686831716751,0.438396698317674,0.0692893531497886,0.131828452677326,0.810086030416123,0.0627016236462199,0.0278898149818581,0.0610057645109399,0.200851303294856
"Patient34",19.6572269025598,0.015623934722945,0.143231466349658,0.0166427941811634,0.134978235350303,0.0175076656850255,0.123227169271385,0.968508585326593,0.323368822823495,0.0672527222429464,0,0.0452581020412542,0.142242982598062,0.0676251685828866,0.968508585326593,0.323368822823495,0.0672527222429464,0.168572925816539,0.813390098877698,0,0,0.0119719362040389,0.243027565585798
"Patient35",20.5776104263029,0.0144244860978446,0.141969827432993,0.0216422706567501,0.138363731130465,0.0311807186141515,0.136210983876229,0.905410032613729,0.344646206846981,0.0697274148399501,0,0.129302071818864,0.0625662484771579,0.0941659603868247,0.905410032613729,0.344646206846981,0.0697274148399501,0.127852973655753,0.841544980539276,0,0,0.00586308490615168,0.21794197299419
"Patient36",24.7478849436646,0.025224228192466,0.0921744890134383,0.0305834217076401,0.0894697903601457,0.035333623759113,0.0845250761048276,0.913318110244384,0.332438807274899,0.0205054617953087,0,0.136068031593506,0.0677688503272255,0.0417550626374994,0.913318110244384,0.332438807274899,0.0205054617953087,0.117264390223993,0.76686400905123,0.00117356545815273,0,0,0.217851933926247
"Patient37",1446.07583148751,0.0732489246704482,0.087261946836612,0.0838903858411881,0.0763790765348533,0.0714145982864619,0.0631839048151533,0.79242231721079,0.402472836863251,0.0776560788341432,0.0387761106333458,0.123403756732655,0.116644813058705,0.152966470363967,0.79242231721079,0.402472836863251,0.0776560788341432,0.165773744113929,0.726869519730778,0.0380618998792913,0.113943381982753,0.0488705820508805,0.230791934876954
"Patient38",32.7072670550875,0.00911988928280729,0.0656737420676717,0.013445646438826,0.0598489206382472,0.013584857673003,0.0489044990564482,0.755066650580325,0.331975219132282,0.0740779396941427,0.00073383348494963,0.138636793409221,0.0530968903762995,0.0924187148357115,0.755066650580325,0.331975219132282,0.0740779396941427,0.114268421686154,0.793228697577312,0.00547602084629091,0.00569190416128028,0.0211756994416441,0.20722337181769
"Patient40",189.472367433266,0.0137266217987771,0.0880489349872282,0.0158007661042066,0.0813213423430432,0.0166389718269028,0.0704990926424815,0.876352538933151,0.33541123838896,0.0754318272220846,0.0442276866327015,0.144242423381425,0.0338093602314412,0,0.876352538933151,0.33541123838896,0.0754318272220846,0.143081086875754,0.719790846611937,0.0669410516059933,0.00913856769351729,0,0.206252734693073
"Patient42",82.6840036414948,0.0152408496530611,0.094083862495152,0.0180646791989612,0.0869144278712568,0.0188289117918064,0.0770725966960876,0.994356953163083,0.344525280716436,0.0689571461792241,0,0.13895406430627,0.0363151746239279,0.0498603725134325,0.994356953163083,0.344525280716436,0.0689571461792241,0.135804001292286,0.911584231371933,0.00350136406488876,0,0.012375510345277,0.214056695337605
"Patient44",420.830112708054,0.0585423456463702,0.0980115396592088,0.0629433849533581,0.0921432738801838,0.0656383582578784,0.0854387651528478,0.518322875381225,0.368188578367142,0.0552501280815856,0.00835780474427125,0.129116292718008,0.0505915883868473,0.167694423803727,0.518322875381225,0.368188578367142,0.0552501280815856,0.137834788867629,0.494808915242683,0.0109199865582381,0.00481315688415881,0.023213764056913,0.246600020260455
"Patient45",293.648412785101,0.0104963476278491,0.105085041839543,0.0106027898296829,0.093929758707115,0.0117127048059261,0.0844457790108544,0.909650854421365,0.36794974277344,0.0589147375171775,0.0190462364504532,0.12976017625197,0.00815739856624445,0.168194339084068,0.909650854421365,0.36794974277344,0.0589147375171775,0.0751869525485799,0.795637331679382,0.027606921292037,0,0,0.206609603044166
"Patient47",1.20866525609852,0.0142356129386432,0.133178635305829,0.0207596753231127,0.127246721757478,0.024359217592815,0.129968309649414,0.94384231060132,0.342260183279064,0.071514646788801,0,0.133714417796081,0.0540924537935869,0,0.94384231060132,0.342260183279064,0.071514646788801,0.145617020273172,0.673403485807963,0,0,0,0.1842909572034
"Patient48",50.4494234265679,0.00879114892361697,0.0924737195724427,0.00944490620353663,0.0899545839468024,0.013442129138263,0.0889385792025592,0.719024253062556,0.330080210659892,0.0748229843639585,0.0276144774983103,0.139586245502402,0.0340187185613995,0.0296504022506627,0.719024253062556,0.330080210659892,0.0748229843639585,0.120317873501927,0.701973426572327,0.0550278519529974,0.0188052415264257,0.0284065313168184,0.236129075259944
"Patient4",35.9571289661594,0.0132733989165144,0.0894854705296794,0.0165020880774955,0.0832286144037012,0.0139057208877413,0.0716382231808639,0.924701639229775,0.33650709897339,0.0345530098021803,0,0.107392058612437,0.0757728156330511,0.0163509534271034,0.924701639229775,0.33650709897339,0.0345530098021803,0.164859884875367,0.83338171130561,0.00309680948503077,0,0.00082044617385186,0.196796285376543
"Patient51",190.88173433487,0.00679448979472223,0.0686721800805135,0.00728366517537744,0.0561089124677962,0.00814608895833335,0.0469241166212324,0.916702560555656,0.451437472155803,0.00502666407168431,0.00354034498554715,0.104389808254534,0.047500192222148,0.0687461199682445,0.916702560555656,0.451437472155803,0.00502666407168431,0.112689218077278,0.867501756092002,0.0109233291843632,0,0.00620043428757886,0.223347056126273
"Patient58",7.93986216259878,0.0133930226961084,0.0764820141947568,0.0160318110005133,0.0692287456027271,0.016277621417574,0.0617635734748763,0.890770788920411,0.332703724755064,0.0688600754556306,0,0.139990989334621,0.0670361117615477,0.0236460791839791,0.890770788920411,0.332703724755064,0.0688600754556306,0.162769858090981,0.852994501945711,0,0,0.0220261921376579,0.214854012608539
"Patient61",31.8377052608856,0.0381279573461083,0.0932890144030962,0.0395385271600263,0.0834083667547428,0.0429965106429774,0.0844818757836858,0.933130186599293,0.432934046410464,0,0,0.0994630381758748,0.0782932217346512,0.0274557307319119,0.933130186599293,0.432934046410464,0,0.125080596108737,0.815122759061169,0,0,0,0.140767405512571
"Patient62",153.090565280777,0.00640607971672712,0.0713204679457776,0.00697938579269346,0.0586830128180926,0.00686338038075369,0.0472507692195409,0.958205243574425,0.483779918018045,0.0566421504848705,0,0.108481543631411,0.0384739174669689,0.314424102970374,0.958205243574425,0.483779918018045,0.0566421504848705,0.124374785046456,0.90519543433173,0,0,0.0043268856272561,0.214234483718007
"Patient63",6.12712898635537,0.0126935058478959,0.0956875180459866,0.0179260479883029,0.0933072300403408,0.0243007984027675,0.0962809960652416,0.82392100522388,0.342803072574,0.0779058262580905,0,0.134570658596443,0.0295915583809311,0.0291265687003445,0.82392100522388,0.342803072574,0.0779058262580905,0.128038231781865,0.708139031576838,0.00377129060375515,0,0.0174121650370197,0.206351737583577
"Patient67",43.7059992347158,0.0149306871103815,0.0972091772013659,0.0188955969114226,0.0962497784949769,0.0254709249464498,0.100264633757125,0.405330288718252,0.32995259555583,0.0800356981502203,0,0.144887149045856,0.0299053294162943,0.0160789651818846,0.405330288718252,0.32995259555583,0.0800356981502203,0.143451564785294,0.529261020260857,0,0,0.00496568479150481,0.23904880655775
"Patient6",5.54939419762836,0.00680989617872657,0.0885544666453176,0.00741442572727011,0.0799785603193881,0.00491555113257606,0.0656315424768962,0.786970463795394,0.340127146651607,0.0710381728377606,0,0.133321988548008,0.0208739195530675,0.0372138552946112,0.786970463795394,0.340127146651607,0.0710381728377606,0.10338196034506,0.693606524764304,0,0.00309635000285603,0.0150589672356346,0.196044959808127
"Patient72",18.9655332909704,0.0142568256577367,0.0875788451473415,0.020332931805111,0.0836338831532549,0.0238760333117703,0.0742775776772734,0.79253174456806,0.355949012930563,0.0593169873837901,0,0.118984845114156,0.0601285385856573,0.0770857538064475,0.79253174456806,0.355949012930563,0.0593169873837901,0.121154172916044,0.641601383200404,0,0,0,0.21769546597225
"Patient73",64.6557949414457,0.00692040064502586,0.0981634635684217,0.00779188445150768,0.0909990427272866,0.0118559595396798,0.0932478082502892,0.880443496698157,0.340635366146109,0.0691889921419964,0,0.135538091835518,0.013747633747496,0.0583134368987473,0.880443496698157,0.340635366146109,0.0691889921419964,0.10683969498027,0.84555836764539,0.00774876976977168,0,0.0159984467382705,0.216262301837649
"Patient75",824.986260013539,0.0220094742358517,0.105826435655784,0.0242552628748808,0.0987331409428325,0.0354923184213802,0.0941248039443136,0.793128768480044,0.437273258509642,0.0704278041920704,0.0258747036658211,0.118305230740963,0.028607594681164,0.231801915741859,0.793128768480044,0.437273258509642,0.0704278041920704,0.116660707041578,0.801875262953876,0.0243402035237214,0.0194068657534074,0.00703934229702704,0.253525237434563
"Patient77",70.4014218680543,0.0151616917937315,0.0818590562308302,0.0208569532996274,0.0751228960133026,0.0195291715026863,0.0658927893567343,0.89085245515595,0.512182438595971,0.0546178285282859,0.00173255813118812,0.0983821658670094,0.0431644901613315,0.129821792427296,0.89085245515595,0.512182438595971,0.0546178285282859,0.109309727825309,0.846983291392762,0.00439896148268884,0,0,0.19070677033136
"Patient78",43.5230817047427,0.00466122195495368,0.0482455274684955,0.0042771862066023,0.035221216017575,0.00413892592970372,0.0244763787454004,0.968950783698884,0.435839346919548,0.0366146558095526,0,0.0925089246334869,0.0303632693778115,0.189436606204182,0.968950783698884,0.435839346919548,0.0366146558095526,0.12300743123613,0.927321439261603,0,0,0.00930054357164087,0.211524165229685
"Patient79",32.1567558521501,0.0110647721954331,0.0611175907577049,0.0140167061850289,0.0509341712363693,0.0137252510644212,0.0421490024484908,0.947069025233899,0.482013469383402,0.0345746987667695,0,0.0948268944537412,0.0688779645009383,0.140943343898412,0.947069025233899,0.482013469383402,0.0345746987667695,0.108292290638959,0.926716343243605,0,0,0.0083008426569341,0.208248830927153
"Patient7",82.6321141121246,0.0212532471107593,0.101489508639293,0.0342103881367482,0.0974339402132182,0.0446679483604362,0.0912863342225418,0.900672467282695,0.352236509240954,0.0707717267144576,0.00307609841697509,0.137162669402094,0.0445694973292098,0.0719841199409338,0.900672467282695,0.352236509240954,0.0707717267144576,0.120719970655227,0.791494790274677,0.0135218970588546,0,0.00779254144517884,0.228164228649847
"Patient82",48.6314995282347,0.0091397843997052,0.117000932834662,0.00994504462409709,0.108818538575265,0.0121405924483291,0.099359829577773,0.831461626382391,0.332577139489114,0.026191886416716,0.0221115489499954,0.111696413558701,0.0577042720073728,0,0.831461626382391,0.332577139489114,0.026191886416716,0.13375437207681,0.756734517318546,0.025096782028175,0,0.00685993854883891,0.188888376555085
"Patient83",5.30934339453637,0.0123577052981702,0.0901978139865964,0.0155882334232203,0.084497896070541,0.0144157955179025,0.0779588421591057,0.875077911034207,0.333200508123272,0.0598192081578641,0,0.120574588459913,0.0754485857519605,0.000922913901412695,0.875077911034207,0.333200508123272,0.0598192081578641,0.15980686117591,0.819859358825707,0,0,0.00944901351678445,0.221028866642207
"Patient86",4369.78775036065,0.0904465915718312,0.0733673555887392,0.0911011516154819,0.0636740166977662,0.0850059904819362,0.0566210169068012,0.560856856353352,0.438581448987969,0.0682333836035406,0.0580656179371014,0.148337277046352,0.116187603245659,0.234288781643286,0.560856856353352,0.438581448987969,0.0682333836035406,0.146648286332154,0.550506706365381,0.0535855862052956,0.0972988953083353,0.0909440022795235,0.218236324066931
"Patient87",1536.59859853511,0.0983156224643047,0.12179956375214,0.103264958254135,0.114242148330252,0.113741123988777,0.109722571771855,0.52563802903099,0.345930580922001,0.068657384539288,0.0586987186940531,0.142941516372375,0.0772697849592266,0.118750445535863,0.52563802903099,0.345930580922001,0.068657384539288,0.187624725662515,0.498469390932547,0.0618038239009233,0.139029365758751,0.0558710324380294,0.249314491645729
"Patient8",33.3618340907795,0.0113418951990187,0.0808031332585128,0.0140273155923444,0.074679256817957,0.0175612268177732,0.0678821210465294,0.766453849705937,0.346588415750921,0.0532138409853788,0.00014034603842922,0.116125776821576,0.0809767389416763,0.0185635622097205,0.766453849705937,0.346588415750921,0.0532138409853788,0.122438535059948,0.787363711549342,0.00347879381856063,0.00896715156870249,0.015697895868379,0.198122075314563
"Patient94",56.9357500765615,0.0100053900464486,0.071846207483077,0.0107605276885792,0.0640861666889482,0.0134032565331072,0.0623720268813117,0.812389318332927,0.378025176818604,0.0729304150017181,0,0.108921667622734,0,0.0909064941992055,0.812389318332927,0.378025176818604,0.0729304150017181,0.0756972523755897,0.758466083848508,0,0,0.00889885819821963,0.231251217357218
"Patient96",10.9083539384137,0.0102389019079289,0.11114881580776,0.0159088525161329,0.105734230042469,0.0347141608294994,0.110589989241571,0.894135520811683,0.328697760176286,0.0629587060449461,0,0.142133691411029,0.0459253580759688,0.0517661726784594,0.894135520811683,0.328697760176286,0.0629587060449461,0.110894812020246,0.782529400046002,0,0,0.0235387897530238,0.214074246579864
"Patient98",511.840799749053,0.0235490947696878,0.0851044491395507,0.026316275666883,0.077320243066157,0.0330271957340743,0.0691934654693948,0.881415994031128,0.494218105375738,0.0460871243957843,0.0106481001411935,0.116585666376219,0.0581958660182431,0.144032369796585,0.881415994031128,0.494218105375738,0.0460871243957843,0.108877823706753,0.820149900252288,0.0117841223200037,0,0,0.210598467662262
"Patient99",315.474730319393,0.0198373316034967,0.0571062358874637,0.0207794939673734,0.0440325342878087,0.0177368349453673,0.0299970611570865,0.932590380571678,0.440497343193202,0.0265274275835207,0.0895900129296699,0.141711928731331,0.0445790892650872,0.1884051791655,0.932590380571678,0.440497343193202,0.0265274275835207,0.122509199922659,0.913227223080172,0.0863278812163684,0.00156456476319156,0.00922335520964302,0.186494393756138
"Patient9",99.2754091002806,0.00576755547922354,0.0948176884307789,0.00724325088669819,0.0881292458369144,0.00843365046371287,0.0742515494251746,0.951512477074416,0.341169925377535,0.0646250994227059,0,0.13158656472714,0.0534130019085095,0.0590732845566405,0.951512477074416,0.341169925377535,0.0646250994227059,0.196861529511919,0.873034270882657,0.00189731323110997,0.00306498204185034,0.0280794900242636,0.220527652522623
"Patient56",22.7550787439367,0.00594333592756762,0.0451401344489493,0.00648518206624311,0.0314978227058908,0.00449714148480339,0.019805407832869,0.625249017422185,0.376569597339122,0.056354352299931,0,0.0940160276252042,0.0508646873804347,0.142103699077738,0.625249017422185,0.376569597339122,0.056354352299931,0.105224125196761,0.537425794847727,0,0,0,0.201539863343597
"Patient191",51.7239206748357,0.011219043714072,0.0732721360746184,0.0145379754706019,0.0645979726264786,0.0150104874407668,0.0562906853919486,0.977787216761213,0.372074383169621,0.0573932252295329,0,0.12819406039886,0.0136587155943518,0.142610498152548,0.977787216761213,0.372074383169621,0.0573932252295329,0.117315128305462,0.922675227145173,0.00481164057108486,0.00613564960698904,0.0125457443575232,0.196246793444528
"Patient189",0.774370891299922,0.00397037477441813,0.0751946685066584,0.00372502381792402,0.0644331983171756,0.00229082597593002,0.0481780556755922,0.883226432609502,0.353987000499157,0.0658970527309985,0,0.0950500886058408,0.0512352917672604,0.163358247127156,0.883226432609502,0.353987000499157,0.0658970527309985,0.0798458767994832,0.799909881023229,0,0,0,0.239272460532825
"Patient200",59.623577655643,0.00995882810791735,0.0729186276950073,0.0124304973715934,0.0641590238135877,0.0117095461489316,0.0542279440501637,0.914190745424399,0.430002484569779,0.0393320120090563,0,0.109066674939717,0.0380099756822425,0.225358134632782,0.914190745424399,0.430002484569779,0.0393320120090563,0.107990406860542,0.868705875889557,0,0,0,0.239455693676593
"Patient201",2.54957300563633,0.00339378951567464,0.0662619573390898,0.00343213212260651,0.0527506020837182,0.00274959564537385,0.0428505323858976,0.921536048893888,0.322415720937745,0.0656084889122271,0,0.105115957616713,0.0601204054866369,0,0.921536048893888,0.322415720937745,0.0656084889122271,0.12484159898109,0.758712690419212,0,0,0,0.220233743746666
"Patient203",99.912222205062,0.0103386694214462,0.061417684423246,0.0151057083551366,0.0532927575360909,0.0142708472921102,0.0413959407147145,0.898141356985562,0.381052947499936,0.07040870746701,0.0101662925809758,0.115707963733183,0.0398191109988292,0.176189364866743,0.898141356985562,0.381052947499936,0.07040870746701,0.112515778835628,0.743124071465517,0.00712623784735454,0,0,0.236861630035566
"Patient193",24.9616273992562,0.01564535202714,0.0343009885883161,0.0190632823707821,0.0248137631061125,0.0196597331985905,0.019739635039618,0.949101819273968,0.365969178195933,0.0703151116551314,0,0.11986162719085,0.0802136351759164,0.18889754769573,0.949101819273968,0.365969178195933,0.0703151116551314,0.122822979808711,0.880078297941821,0,0,0,0.236478270066821
"Patient195",423.062229142036,0.0433695742846195,0.0820874943491004,0.0456943464864418,0.0707217991171,0.0398727903876175,0.0618513857889919,0.719561534488919,0.379175254809111,0.0717317302801944,0.0714403276312316,0.144691003400927,0.0610287795209788,0.0890488235794279,0.719561534488919,0.379175254809111,0.0717317302801944,0.183122333297362,0.629678732030937,0.0691458658710621,0.150514536282374,0.0346257410736889,0.189913881615464
"Patient196",96.7301628627087,0.00490695031701095,0.0906228819569516,0.00701086970083382,0.0806798616411744,0.00810000373202787,0.0866095972648735,0.796733535335824,0.333329988666007,0.0605661256147154,0.00698533951102845,0.138125828333303,0.0306121766895632,0,0.796733535335824,0.333329988666007,0.0605661256147154,0.144578160242636,0.861757822134703,0.00907380608188122,0,0.00738369259483352,0.189315185954353
"Patient197",1.00944137634321,0.008328294388046,0.0876104554097425,0.0118216787417051,0.077736807207466,0.0156824856386523,0.0776201599339514,0.488409853319433,0.327391096899206,0.0735900291759219,0,0.125092705269674,0.0140054902009626,0,0.488409853319433,0.327391096899206,0.0735900291759219,0.126167150998428,0.746617732385336,0,0,0.00556310473772936,0.177520185221677
"Patient204",10.9189750778383,0.0108721502236242,0.0898053441681402,0.0157800922552462,0.0815338311986559,0.0301225390062472,0.0791761386924398,0.723253311671409,0.336472314702998,0.0681710364029461,0,0.134991231850182,0.0201299305294355,0.0923833699392597,0.723253311671409,0.336472314702998,0.0681710364029461,0.110872598674378,0.654644263085272,0,0,0.00992042327379146,0.219259598623809
"Patient205",4.79384195647311,0.00523266317602276,0.0668998063904023,0.00434053861070376,0.0549001292856005,0.00333113283674601,0.0417649876123564,0.953456162229243,0.400988877618341,0.0640296572507673,0,0.106824807423377,0.0522043169708247,0.132661398453965,0.953456162229243,0.400988877618341,0.0640296572507673,0.120064816639165,0.832104448872898,0,0,0,0.231030768129056
"Patient206",93.4085685154183,0.00682272172503619,0.0525674214346356,0.00746620103763228,0.0405493088499825,0.00517225058864233,0.0283978898571655,0.942220158494828,0.429177762829987,0.0653074096683781,0,0.101364976852735,0.0795357695057158,0.178271034599103,0.942220158494828,0.429177762829987,0.0653074096683781,0.126457182286073,0.876522376069495,0.00042808874271986,0,0,0.242923095070598
