"","Epidish_BPRNACan_cancer","DeconRNASeq_BPRNACan_cancer","Epidish_BPRNACan3DProMet_cancer","DeconRNASeq_BPRNACan3DProMet_cancer","Epidish_BPRNACanProMet_cancer","DeconRNASeq_BPRNACanProMet_cancer","Epidish_CCLE_TIL10_Cancer.cells","DeconRNASeq_CCLE_TIL10_Cancer.cells","CBSX__CCLE.TIL10__Cancer.cells"
"Patient100",0.818835580157459,0.658503174577563,0.825175896271605,0.655434781016543,0.820699282822417,0.648172584162806,0.322614256068456,0.167822050374914,0.325686525642245
"Patient102",0.98342076066565,0.33544451921522,0.983736785685533,0.348475632861734,0.976947359669011,0.347430173379426,0.503067142844271,0.421656260304611,0.455156850712148
"Patient105",0.956189995217474,0.426248351389366,0.94852911265009,0.442303104623541,0.936486984854011,0.44321616453325,0.895133037404147,0.525870155651334,0.874511144179191
"Patient106",0.945557389447855,0.564380958838083,0.948674392789422,0.575791202011948,0.949798074107656,0.579044987512184,0.845162928249481,0.352450840626817,0.807979715324658
"Patient107",0.997826330597806,0.581964780759402,0.997191217513383,0.594143829612106,0.995750970798154,0.55990868870709,0.806668115507386,0.379906673909219,0.597232345714447
"Patient108",0.963714997052831,0.333152856904883,0.972583053271792,0.346301138725728,0.958510765453753,0.343063382015845,0.70595678732919,0.28250789512132,0.607335389117401
"Patient10",0.957460007645112,0.682687302206126,0.950357106005684,0.709823095552482,0.948067739149431,0.693091707844661,0.901961377823386,0.656672272841502,0.869897289977409
"Patient112",0.909969929596988,0.655031688881987,0.907691953985244,0.653568594256215,0.903328924490929,0.647964615194253,0.646117050817933,0.454706411401542,0.604915595287856
"Patient116",0.974320024554929,0.658594890242885,0.975248376704831,0.664067638504477,0.968805272671642,0.654475171940646,0.807109809720392,0.501016974775118,0.815644106841528
"Patient117",0.962966215314797,0.682714596737441,0.964027596121009,0.683814691068707,0.961180142898621,0.696644885460449,0.163722298981188,0.200260641831099,0.237567353748633
"Patient11",0.983909625924822,0.54175418598222,0.981407917115998,0.561494469898252,0.97981470149061,0.560931093900586,0.720071183716091,0.506004360458011,0.713166571746973
"Patient121",0.957341085863977,0.614229437329072,0.953990292911733,0.625964076931627,0.943664412339186,0.630466193624462,0.668375612663776,0.447540355278546,0.612543011998318
"Patient125",0.572522306382419,0.395061846247815,0.581702684167887,0.416757623386018,0.580633876459647,0.427321514219093,0.323972133382214,0.194495806323496,0.33093564184149
"Patient126",0.964659239812223,0.593486480146642,0.953621136946892,0.604479846233498,0.954091007590136,0.606724297039738,0.536108792518621,0.356701524236441,0.510489237911258
"Patient127",0.986853673069466,0.494470213574415,0.983585590306789,0.517303867070293,0.969607284419753,0.523156766386256,0.813201113833019,0.526395317331817,0.756728430235791
"Patient130",0.970675525455925,0.588246960099282,0.974407341942247,0.612422224778481,0.966777936468249,0.613574454268785,0.779047257288306,0.403380459812993,0.770844804939436
"Patient131",0.947654820190474,0.452556718083528,0.947077808908611,0.469104719761785,0.95810408379817,0.482465676611717,0.650869261886373,0.256469627735779,0.590098599053835
"Patient132",0.871399894591028,0.663745010875787,0.862174701702522,0.666206698751586,0.871896005366655,0.670768598268834,0.422327794823456,0.32319552879476,0.432741326274308
"Patient133",0.957884575192959,0.730566109943542,0.960889472691885,0.730664027128086,0.958623563958501,0.731195594232301,0.811080509278047,0.564678820544317,0.770435926433859
"Patient134",0.878478322302561,0.66336387678201,0.879626080850561,0.667275770983499,0.883809318645439,0.656556029022522,0.469084450590017,0.261788418111889,0.448718847289268
"Patient135",0.961183697222004,0.631290552518369,0.963376338587231,0.641126239279729,0.958568226969845,0.634371855199523,0.838309961972058,0.582429693301363,0.761685976663762
"Patient137",0.855909318376772,0.602156697173552,0.861260762989274,0.598181401077609,0.854358530404676,0.584754825703911,0.537970495309893,0.398584883855952,0.499406097392392
"Patient13",0.983649882231376,0.637005374439957,0.981345891966948,0.642013257518496,0.978633167642151,0.650050626997663,0.959995332406982,0.706218186611906,0.941753198475693
"Patient140",0.986085556716516,0.596666234352481,0.982766969793688,0.600184435370235,0.980098247045868,0.607496380493971,0.876229561338283,0.613555578897145,0.908223464880442
"Patient141",0.991359278003239,0.538567044156119,0.991553272687854,0.548633510828072,0.99055386172099,0.548468158061763,0.836182026439369,0.455298813712298,0.704714121109528
"Patient142",0.950234115404104,0.544166157023616,0.948407738256764,0.558313297286433,0.94451199706308,0.552661964559471,0.799514551916668,0.268123240275451,0.765829803917018
"Patient143",0.996969578341145,0.510813076108314,0.998010336064806,0.484878009318984,0.998103065632885,0.476782300596281,0.909169351301307,0.37979367175716,0.0884388286921296
"Patient144",0.986190299163071,0.583959845726107,0.985800482849193,0.624221752684989,0.983900505610426,0.62204524341444,0.842023540973946,0.380641606463593,0.893255510567823
"Patient145",0.967458725218328,0.619157213994062,0.966614502668056,0.635925954042093,0.958559505708339,0.625877545461029,0.65811644857847,0.213183830887235,0.687164172629488
"Patient146",0.973754037942945,0.515635245757433,0.969017843849439,0.520863303356514,0.975418715617096,0.52081290584162,0.848360315540043,0.561416185937241,0.86279625304415
"Patient147",0.988024076432856,0.562670274650321,0.986212912078122,0.554997367373543,0.98504324223006,0.547792350453468,0.882038559555313,0.541581795164824,0.925518906490659
"Patient148",0.948133615314408,0.544464313128172,0.942850853434923,0.564764712028558,0.936012397245061,0.571582907267547,0.738001077436113,0.481107123820813,0.726773564011258
"Patient149",0.895333443050008,0.583253428376871,0.902826971679092,0.582775038681707,0.912638835685398,0.576660695522324,0.623057499337175,0.253274875579397,0.63210279872426
"Patient14",0.956385320941858,0.597483056567591,0.956412614981236,0.621939991680336,0.96347854496895,0.617862480526968,0.76635293824481,0.409367342019494,0.69688956289706
"Patient150",0.97437554769961,0.478365488754291,0.976790534995862,0.499707023444032,0.978606327254663,0.539716541530658,0.803623113938783,0.467333608225375,0.759397739518433
"Patient154",0.971201216028323,0.691653900436029,0.967628528193728,0.683258318573813,0.964067116410014,0.675319535044871,0.144893205081613,0.160078657483811,0.141225748002994
"Patient155",0.984527593608431,0.746895365762622,0.983743871276157,0.757504868515474,0.980714409134739,0.762431445659848,0.679963820291185,0.479190683193528,0.699010692927223
"Patient156",0.968932174009071,0.639511095908484,0.970302393372473,0.681160953315505,0.974227591529008,0.684481442514377,0.724182314982987,0.356702956558897,0.714845918371674
"Patient158",0.951296282822234,0.592286020151097,0.949887092911093,0.641356020937374,0.945425546139698,0.63031389880496,0.95135618657892,0.664384081435418,0.884261932715716
"Patient159",0.964164590844168,0.671341722715763,0.964902506165571,0.6645866372205,0.960522809504414,0.659883327619041,0.807864474093164,0.612654322708447,0.687349985528739
"Patient15",0.889333746421728,0.42178098113901,0.895232162112804,0.430052356033976,0.888140369674796,0.429724261863591,0.754804170739838,0.475897754272656,0.750083807189032
"Patient162",0.956244185938006,0.4821609336886,0.941909322948285,0.496408366459794,0.925788585056399,0.500869886846293,0.619162220335284,0.283832341926737,0.625373927664385
"Patient163",0.920411501959187,0.528107785693608,0.908664744585588,0.539957270090128,0.908728178128517,0.539869015547559,0.81641326718062,0.535460572964659,0.779743938868571
"Patient165",0.970403447558119,0.582768521167364,0.972358496278724,0.624510168105155,0.97440667922039,0.612995813322151,0.910791253405092,0.752835912970409,0.77902140707905
"Patient166",0.991405225703542,0.650346547530467,0.988624078288519,0.642644377628252,0.989201096092558,0.6275670867752,0.891885619163806,0.489414351753527,0.790737082854772
"Patient167",0.953843147728742,0.564577763894281,0.953654249760317,0.597830515635053,0.954714912223398,0.615871053116485,0.595510164804749,0.393598823479317,0.59500006152926
"Patient168",0.987310730673588,0.535365133502233,0.989121451780276,0.543889043846685,0.985338151775576,0.532278588414226,0.922276205979401,0.624640635516448,0.940378896563244
"Patient169",0.924096174392131,0.688879890629948,0.899944973596443,0.691644740953208,0.914729830267899,0.685396547951065,0.824460361645124,0.639186250066353,0.822950550713069
"Patient170",0.97609484312059,0.546855011455323,0.979703666491082,0.550112035050392,0.977454638341987,0.544117457997906,0.771331216272838,0.398220164070356,0.802146389232475
"Patient172",0.923532098910066,0.748406491081804,0.915858653166125,0.741163015646095,0.909219918661027,0.733381603671148,0.22392100186202,0.201690788612562,0.245642983504875
"Patient173",0.980389938030302,0.62117004797216,0.976733834139837,0.61618249971026,0.974044268237595,0.617883097365374,0.887591334994607,0.600800484649784,0.870077448082641
"Patient179",0.976411503742937,0.499073467798168,0.972935685903668,0.507569620030999,0.964038159474282,0.512290976486668,0.718639294829528,0.640111403422523,0.69068642863931
"Patient17",0.957015429842434,0.684911085454446,0.957313628360267,0.693408537528999,0.958678021297318,0.680388449634575,0.632162164335871,0.465138752936548,0.620300411052094
"Patient181",0.94385093061728,0.665751072193894,0.948617673601912,0.669308117504962,0.933729748756075,0.657384052982736,0.550028639674932,0.333383235381979,0.555431640533553
"Patient183",0.824871967094271,0.392072568812387,0.786499852177571,0.386768910292301,0.798162055028517,0.385009181208264,0.342919808432941,0.261246933703246,0.310166175949004
"Patient184",0.978097665403821,0.600085311720129,0.978773507245932,0.617126233953823,0.990442218021338,0.612585901769213,0.844567184069686,0.420504773202008,0.778583898151497
"Patient185",0.956486896258766,0.660637417877449,0.968210339000886,0.674685179255154,0.972559526776982,0.672939383856391,0.686210960866905,0.518249023754644,0.670811867621872
"Patient187",0.972260847205944,0.484426099439429,0.969040738674631,0.520246555025893,0.973232095280588,0.528218152210199,0.742926824325082,0.309040521449203,0.734803773812949
"Patient188",0.984504434761296,0.600941310588246,0.979982590306365,0.604055923852671,0.979908719902227,0.59459637450015,0.921862281985363,0.540826980707549,0.932519689280201
"Patient18",0.98174867838245,0.523003489653029,0.97922290248364,0.5317106692341,0.97145872721308,0.538370530632771,0.888838198840797,0.473304350949919,0.865437166164285
"Patient1",0.935443739511175,0.470857721367472,0.924779677303493,0.472506592465442,0.924783330344995,0.477436157253154,0.666004397896035,0.253038781158052,0.692159929129722
"Patient20",0.964168885858195,0.672396099549337,0.966882324158789,0.669279901944922,0.972969333172607,0.656519630257875,0.76416312876107,0.341743545529944,0.664257585707913
"Patient21",0.990579585763182,0.650135782581446,0.987317990584668,0.659179067213635,0.981914405961424,0.655330261207183,0.876827616904162,0.642055735616631,0.77253081801212
"Patient22",0.989930922547449,0.634934886805568,0.985679162651921,0.627322663568049,0.982877748860138,0.625407988516798,0.793030519804694,0.451227854863164,0.740317032788369
"Patient23",0.977931573054374,0.507659051449927,0.976618379196354,0.501923927096143,0.980770410717837,0.48968323617321,0.748371879431173,0.473081835593125,0.775947943340336
"Patient24",0.99133160989116,0.433990691364515,0.990983258617829,0.452252883011427,0.986865249094583,0.449534563759214,0.806492419234077,0.410578940455253,0.700388627266877
"Patient25",0.966448870363765,0.682724056600391,0.958566787485025,0.667872744695544,0.953695586929662,0.670389673275897,0.532833614408936,0.307871826644287,0.58560194021093
"Patient27",0.786121788979281,0.441472391380447,0.783224360389982,0.443481808191275,0.787743366871205,0.443684938660266,0.876642931994139,0.553037896431829,0.841822736578558
"Patient30",0.877858146659673,0.457751005964403,0.87734177417754,0.445373350514529,0.864449876337354,0.432564811379884,0.596623105918491,0.236141758724419,0.599632051264458
"Patient31",0.986405868261223,0.536407341353583,0.982672987512126,0.532875196368292,0.977466077502622,0.526053186697716,0.645966633712868,0.439250491978264,0.665382709067948
"Patient32",0.985093275662592,0.458960428271578,0.981664698735089,0.463499940198446,0.98253769843998,0.460568505255429,0.676239991019559,0.312785222253351,0.759072720075849
"Patient33",0.78758766662191,0.521906197789697,0.790226267627092,0.531490908334857,0.788352006742842,0.542583323729023,0.057818210056292,0.0750657585093742,0.104163119550659
"Patient34",0.972006014387786,0.285428124799154,0.970436916884119,0.278569549764961,0.970805084393104,0.270132418594613,0.246973483476484,0.140849486153838,0.361992627847388
"Patient35",0.96816534936914,0.438058541516014,0.956339173888071,0.447920036602664,0.947961258971068,0.461422125612824,0.517173452001309,0.357770373482864,0.484498684558346
"Patient36",0.968866745709132,0.458621203785717,0.960015130433638,0.447798480689791,0.94970087885867,0.447398179014682,0.502834265136546,0.241863682737911,0.453130661426016
"Patient37",0.904195118162723,0.634815563441665,0.892324281900431,0.613168927376668,0.900996092608042,0.591654628219403,0.451310762845057,0.221131518277772,0.475054813462263
"Patient38",0.983183117158529,0.576213519484792,0.97448420163007,0.567497118578813,0.972313504012839,0.558937286463614,0.758169998998946,0.389870072637942,0.677563411521586
"Patient40",0.979819785092816,0.622896644851768,0.975427005404437,0.625940970627532,0.975842473709149,0.603884563864301,0.986109188032466,0.616216354997269,0.923930011549866
"Patient42",0.968239788797171,0.614433721350788,0.962025833111036,0.629008514491735,0.961617218554194,0.617251224443032,0.842997334924565,0.517149954052743,0.818459977612332
"Patient44",0.859787416111424,0.490876548927058,0.852743184582959,0.499645871680115,0.843929139377849,0.484352141645437,0.550927499365718,0.443519020995716,0.471343518396087
"Patient45",0.957605649426647,0.396955156292923,0.960455856252718,0.423344597851897,0.958165454182131,0.430324734127011,0.773713028087222,0.51331959145008,0.723366735449452
"Patient47",0.979460585673815,0.443782345855387,0.974178814736934,0.47050982626089,0.975161236103416,0.465647111964353,0.876261996933501,0.503922023735487,0.896648049978818
"Patient48",0.979459114844989,0.6399709138618,0.975247683748576,0.632946678662591,0.964791457715926,0.623747899430483,0.701164267821318,0.504336390193786,0.645463466607136
"Patient4",0.974188370106284,0.585862925025678,0.967749423097142,0.587150809934741,0.974144708588132,0.591377703387831,0.703106355314425,0.458022845208736,0.744088579287181
"Patient51",0.949835137991521,0.679639554535624,0.944582371654017,0.674033822174689,0.947257182310463,0.657827452139432,0.70101316397335,0.366337766697801,0.698135175064084
"Patient58",0.982286662375596,0.65038538934837,0.976015900362265,0.660860008045716,0.972134584501259,0.636333400850378,0.882337870666286,0.530495977637351,0.76013928722782
"Patient61",0.909360158431814,0.426430141932841,0.913295490953734,0.45485501947239,0.919725300449893,0.493971446656293,0.591604605654897,0.222669737635704,0.588515683149502
"Patient62",0.961419950932807,0.623914206368,0.962215241546494,0.62168660515796,0.975924347724698,0.60500832675807,0.857913127662989,0.517909643656394,0.844510448229161
"Patient63",0.978359636339037,0.504274657130854,0.965766914775025,0.53840749017094,0.954858721049621,0.51406142606555,0.861064189259661,0.643146805213388,0.751324515032722
"Patient67",0.970539793398067,0.56531854087154,0.963869831272912,0.566544881207652,0.960428739735601,0.537027856925152,0.920772774587405,0.686086433717748,0.797219740491051
"Patient6",0.966674592541668,0.54432250609059,0.965158224367555,0.538818203103679,0.96317401743688,0.530683919723736,0.855086968947326,0.588235036088292,0.787326750774344
"Patient72",0.945966824322007,0.573392854483947,0.924608216401689,0.569808288275733,0.920562565163464,0.574551733439918,0.528661920538509,0.298523096549487,0.542049561998049
"Patient73",0.970069999672728,0.515824761188873,0.967352457520863,0.520314361073014,0.956453251194277,0.527225377001163,0.888828596417228,0.713338603963792,0.868868879773558
"Patient75",0.94642016394537,0.488582629777158,0.949348934943709,0.488276718713172,0.93533743417449,0.478537024654526,0.810505096491951,0.530629043646456,0.79063586192674
"Patient77",0.960944749657207,0.640192739481086,0.951137242720772,0.629160929819876,0.953881165088784,0.626388781854232,0.619617662032671,0.363193037061964,0.621428062580925
"Patient78",0.9791464806425,0.734048219159246,0.981715827434957,0.721880539498585,0.977579356359519,0.698209166974393,0.771193127561892,0.493670264059985,0.749614896421309
"Patient79",0.963327966244864,0.633850316875595,0.959159697296234,0.630009865607507,0.959039372625082,0.63587796605832,0.416351980554676,0.205527608827626,0.427054261761076
"Patient7",0.963999505312333,0.602747901399798,0.941745789803488,0.590068628308896,0.931280599758616,0.59058437109199,0.850654797996504,0.447330463341028,0.83788680947313
"Patient82",0.990324665331212,0.44856571106002,0.989507256064778,0.439885756958735,0.98697729277542,0.430993413754793,0.794859097501215,0.448403684166785,0.801168236916466
"Patient83",0.981387298225396,0.361229145349499,0.978428563754683,0.366572350085595,0.980945226451989,0.369235734119752,0.74012296518176,0.408203852359146,0.838349675656691
"Patient86",0.803516687218904,0.635954458373933,0.806623838734628,0.63943756756253,0.800166275236631,0.628611802254805,0.178134937201371,0.137398062374415,0.166921409232087
"Patient87",0.800611034179239,0.452593741472407,0.801624983176624,0.464156541692418,0.76687611726425,0.460842874194025,0.644524538495023,0.464871786560451,0.619684599898046
"Patient8",0.956270478049278,0.394430003695039,0.946408712826104,0.38838849883063,0.935109626805371,0.386460782394622,0.652294432892422,0.200253063789464,0.668378493037774
"Patient94",0.951164725390181,0.604820148594112,0.948962820034078,0.611635478969136,0.949896171132879,0.610616268395116,0.939300568404503,0.719003681824069,0.848643399350599
"Patient96",0.984255928804127,0.426545914612375,0.97767007159044,0.428555790869908,0.962630425133103,0.436549791228685,0.587697475745013,0.460165478110555,0.597829711131003
"Patient98",0.925441756650708,0.44470704335853,0.923005270763905,0.443057402142069,0.91744685513022,0.441866914379056,0.630810100904136,0.236201104686408,0.604983544945777
"Patient99",0.939589286457182,0.604354305306651,0.933549674570823,0.603658527448811,0.934117866819009,0.626570523074629,0.682008775357427,0.434665335492569,0.686075231664304
"Patient9",0.990194493044042,0.626305172282113,0.986429225852886,0.618255850648641,0.985474652100758,0.627886238835762,0.79479782369577,0.620138661936514,0.640962936562213
"Patient56",0.9483812870192,0.78614398652523,0.951580225140701,0.772045845759363,0.957928228128428,0.754710939081321,0.488903329921631,0.275982019188351,0.452152187041512
"Patient191",0.969716146370624,0.632020462258067,0.959963013024356,0.62418973693047,0.963458265339576,0.639884547823492,0.797082638040421,0.640418608777356,0.800797464931642
"Patient189",0.963190579450468,0.650501752037488,0.963432463306927,0.638620118962423,0.969266651377999,0.622684764144559,0.215511938965393,0.13199723217431,0.244222695935614
"Patient200",0.966182016606035,0.603131284360364,0.956737023693586,0.598694177037278,0.959620076017147,0.604933508586324,0.647625595508988,0.391807747467102,0.660688172397074
"Patient201",0.996038074246919,0.66590044745649,0.995988134772894,0.671718758420837,0.996368329269048,0.652132831452429,0.860225881086972,0.364502647365304,0.879216736275923
"Patient203",0.96546169594074,0.748637168300012,0.943157544239056,0.735846005166862,0.945819843484225,0.718504398500343,0.696244160062411,0.367726799713999,0.691504692331965
"Patient193",0.915871115596926,0.602086017585155,0.904980781258822,0.613994332663427,0.898429050389845,0.619270367790986,0.482124059519796,0.216509610255293,0.489718456145468
"Patient195",0.929637752654458,0.77481928621075,0.929590865654714,0.763941559747662,0.933370970952704,0.759118264936707,0.767053422699167,0.569461657147515,0.763720421291495
"Patient196",0.987914554809984,0.609567432440492,0.986865733776068,0.623228895017213,0.987521686577966,0.627664060934501,0.864775221709875,0.572155700883146,0.810600842385883
"Patient197",0.988313028615931,0.630643524161839,0.986448097095078,0.658817628897343,0.983070819787874,0.657716329148171,0.971703195187434,0.690815849957848,0.938474244251627
"Patient204",0.965764064676533,0.564620231104694,0.958813344630962,0.569657166056937,0.944751472732286,0.571838625085503,0.833460762756204,0.521122182892508,0.701436974684661
"Patient205",0.982584318717985,0.692349545327645,0.98477314349318,0.682734414110819,0.984940837239465,0.679018733932757,0.762721386155252,0.387856716371379,0.723304920628658
"Patient206",0.96016897163394,0.709796193574098,0.953578574675934,0.696057764328515,0.946911064821487,0.673246138922581,0.697417600436696,0.233371437210204,0.67658881116451
