"","DeconRNASeq_BPRNACan_CD4","DeconRNASeq_BPRNACan3DProMet_CD4","DeconRNASeq_BPRNACanProMet_CD4","DeconRNASeq_CBSX_Fig2ab.NSCLC_PBMCs_scRNAseq_sigmatrix_T.cells.CD4","Epidish_CBSX_LM22_T.cells.CD4.memory.resting","Epidish_CBSX_LM22_T.cells.CD4.memory.activated","DeconRNASeq_CBSX_LM22_T.cells.CD4.naive","Epidish_CBSX_scRNA.Seq_melanoma_Tirosh_sigmatrix_SuppFig_3.b_T.cells.CD4","DeconRNASeq_CBSX_scRNA.Seq_melanoma_Tirosh_sigmatrix_SuppFig_3.b_T.cells.CD4","Epidish_CBSX_sigmatrix_HNSCC_Fig2cd_T.cells.CD4","Epidish_CCLE_TIL10_T.cells.CD4","DeconRNASeq_CCLE_TIL10_T.cells.CD4","Epidish_CD226_CD4","DeconRNASeq_CD226_CD4","DeconRNASeq_Fig2ab.NSCLC_PBMCs_scRNAseq_sigmatrix_T.cells.CD4","Epidish_LM22_T.cells.CD4.memory.resting","Epidish_LM22_T.cells.CD4.memory.activated","DeconRNASeq_LM22_T.cells.CD4.naive","Epidish_scRNA.Seq_melanoma_Tirosh_sigmatrix_SuppFig_3.b_T.cells.CD4","DeconRNASeq_scRNA.Seq_melanoma_Tirosh_sigmatrix_SuppFig_3.b_T.cells.CD4","Epidish_TIL10_T.cells.CD4","CBSX__LM22__T_cells_CD4_memory_resting","CBSX__LM22__T_cells_CD4_memory_activated","CBSX__scRNA.melanoma__T_cells_CD4","CBSX__HNSCC__T_cells_CD4","CBSX__TIL10__T.cells.CD4","CBSX__CCLE.TIL10__T.cells.CD4","CBSX__CD226__CD4"
"Pt66_Pre_AD667850.6",0.0833007199124315,0.0586755222771202,0.0678230090035365,0.0206420585818724,0.0987941030357762,0,0,0,0.00541693950079447,0,0.13215005888424,0.0170616011012174,0.262365419978645,0.0626678992530367,0.0206420585818724,0.0987941030357762,0,0,0,0.00541693950079447,0.16402074076948,0.0769040759937517,0,0,0,0.155379071299992,0.0766215815893515,0.269955124254713
"Pt94_Pre_AD732850.6",0.0214342093706508,0,0,0,0.275821755483443,0.0315943567880624,0,0.00951406136351022,0.0159498624732069,0.0330311457830178,0.100689363855655,0,0.0529550163281963,0.0797142447999278,0,0.275821755483443,0.0315943567880624,0,0.00951406136351022,0.0159498624732069,0.225815129028093,0.177827897474999,0.0269784234625002,0.00681622483679236,0.0474359587004968,0,0.121880609285149,0.222531447273275
"Pt84_Pre_AD486532.5",0.0269381419624423,0,0,0.0237403773952074,0.138144750139449,0,0,0,0.00967912430319167,0,0.165333962253887,0.010745424198882,0.26864591612667,0,0.0237403773952074,0.138144750139449,0,0,0,0.00967912430319167,0.507071012496965,0.0989459880480269,0,0,0,0.635401829120079,0.145070861075778,0.25287405162644
"Pt62_Pre_AD608303.5",0.0414552437442201,0,0,0.000672005714198981,0.0657770694416501,0,0,0,0.0046527785049269,0,0.0317441581294987,0.0236045334686511,0.389226819926746,0.032665708989143,0.000672005714198981,0.0657770694416501,0,0,0,0.0046527785049269,0,0.0922153246710996,0,0.00328721856589097,0,0.164613795933538,0.0466820189231402,0.290529806853417
"Pt72_Pre_AD793922.5",0.0179853956958229,0,0,0.042453704248436,0.102894461324803,0.012147830846986,0,0,0.0180203502921449,0,0,0,0.0768868358348819,0,0.042453704248436,0.102894461324803,0.012147830846986,0,0,0.0180203502921449,0,0.212993761214112,0,0.0163009099284732,0,0,0,0.239083139963607
"Pt3_Pre_E9024733.3",0.00907860869837794,0,0,0.0200019600728075,0.224473015237507,0.00423079045666281,0,0,0.00279100901214518,0,0.0671331947257292,0,0.0344731185171131,0,0.0200019600728075,0.224473015237507,0.00423079045666281,0,0,0.00279100901214518,0.299595716767455,0.153766809200395,0,0.0032868284308459,0,0.30228904327281,0.077310352350063,0.198688944997325
"Pt5_Pre_E9021022.6",0.0357800556742942,0.0252263252584499,0.0265742737599623,0,0.15959419821142,0.0147252289772027,0,0.0305568633858631,0.0205394654795778,0.144233709975904,0.0687406629065047,0.0144105621942307,0,0,0,0.15959419821142,0.0147252289772027,0,0.0305568633858631,0.0205394654795778,0.184153570441848,0.104017677097353,0.0306106790055854,0.0232062060346837,0.163053356218425,0.290934256579134,0.0643856357419291,0.143727168319451
"Pt9_Pre_E9021024.6",0.00247665970606487,0,0,0,0.0823602193382472,0,0,0,0.0218934412127893,0.0481635843756722,0.127324328801803,0.00203868880980012,0,0,0,0.0823602193382472,0,0,0,0.0218934412127893,0.207059082519692,0.0724931486450163,0,0,0,0.456459856104493,0,0.106130275636827
"Pt18_Pre_E9024732.6",0.0556772023708269,0.00597665350426454,0.0108471568497285,0,0.24070046549875,0.039863291339514,0,0.11653906676664,0.0616009207886307,0.34450174241658,0.0992731063068971,0.0743731187290829,0,0,0,0.24070046549875,0.039863291339514,0,0.11653906676664,0.0616009207886307,0.257485012026213,0.221219815021409,0.03083778544234,0.141195900671622,0.360312691124972,0.326311057076985,0.146304288898733,0.175522184497834
"Pt24_Pre_AD436687.5",0.03787601878355,0,0,0,0.0410706832448707,0.00310484034794309,0,0.109501053476927,0.07392721631534,0.114396657750807,0.0370810574518194,0,0,0,0,0.0410706832448707,0.00310484034794309,0,0.109501053476927,0.07392721631534,0.0428337679249385,0.0169624484531045,0.00934420674862555,0.0985584493571669,0.0876274650178367,0.0483391934004135,0.0211387966626056,0.140661646412596
"Pt27_Pre_AD453873.5",0.0233394174014196,0,0,0,0.0619492409679798,0.0392794269629774,0,0.039957351547834,0.0599646553211163,0.203753789759292,0.127529709439399,0.0152633269243532,0.0283182445801119,0,0,0.0619492409679798,0.0392794269629774,0,0.039957351547834,0.0599646553211163,0.136010582510481,0.0682153184251825,0.0096620749956229,0.0311563714174481,0.174914262572801,0.177148625356622,0.102085865751889,0.218194986472356
"Pt29_Pre_AD497504.5",0.0258332687991723,0,0,0,0.148065994065213,0.0136653513353602,0,0.00486313012150396,0,0.0358316240355016,0.0577588707840838,0.00871484575156073,0,0,0,0.148065994065213,0.0136653513353602,0,0.00486313012150396,0,0.229721486676931,0.0983262496612115,0.017417483769191,0.00342244338947575,0.0344410565625822,0.260066918533914,0.0517997793503926,0.178126177984851
"Pt30_Pre_AD497503.5",0.0763913441234753,0.0210657145659633,0.0328947619899148,0,0.108469951258723,0.0137682213853351,0,0,0.0511962679079168,0,0.0571270589868898,0,0.401955251944204,0.136079859003363,0,0.108469951258723,0.0137682213853351,0,0,0.0511962679079168,0.32754003157186,0.170578169988909,0.0314728869104974,0,0.115684608890431,0.102744155003065,0,0.280347078536954
"Pt31_Pre_AD453872.5",0.0835186319896793,0.102382391859679,0.111241909348087,0,0.293583750506452,0.0405553853511598,0,0,0.00140708395080005,0,0.19680609438648,0.0185478920500019,0,0,0,0.293583750506452,0.0405553853511598,0,0,0.00140708395080005,0.274214925551656,0.222147974297633,0.0490891087158212,0,0,0.298370556169816,0.167012148130854,0.235042045675115
"Pt8_Pre_AD153354.6",0.0107351024130701,0,0.00959476887974329,0,0.170067392693422,0.0185469422025145,0,0,0,0,0.0898778084077291,0,0,0,0,0.170067392693422,0.0185469422025145,0,0,0,0.0473168765179651,0.141426486858257,0.0240452813371728,0,0.0321107082378215,0.0737202034011688,0.0385951186384026,0.147044925008804
"Pt11_Pre_AD153352.6",0.0281444312320493,0.0154389012543156,0.0284170593293369,0,0.152256019299451,0.0298474095134089,0,0,0.0136540115878177,0.0157891037070206,0,0,0,0,0,0.152256019299451,0.0298474095134089,0,0,0.0136540115878177,0,0.126376904883434,0.0389796421962329,0,0.00130207026695252,0.061604464516834,0.038736256897828,0.0818659457218718
"Pt28_Pre_AD297619.6",0.0616087002074718,0.00986007208487631,0.0223967702726466,0,0.271727331867375,0.0284757249041845,0,0,0.0200133144587833,0,0.051242207515972,0,0.0372936899442578,0,0,0.271727331867375,0.0284757249041845,0,0,0.0200133144587833,0.312229687288063,0.227411744641776,0.0338998979850639,0,0,0.177392089113085,0.0437654846971614,0.207752430702902
"Pt44_Pre_AD467790.6",0.00878996812449142,0,0,0,0.240348599382722,0.0578307155917968,0,0,0.0214009344240537,0,0.0525738305946458,0,0,0,0,0.240348599382722,0.0578307155917968,0,0,0.0214009344240537,0,0.213543937818649,0.0721201515841857,0,0,0.251067147953181,0.0540468512161141,0.199516409412777
"Patient100",0,0,0,0.0097588674557424,0.0387818298135891,0.164056994299673,0,0.113096080298185,0.106279622434038,0,0.105413127159002,0.00298452329579439,0.0673572813959224,0.0969150843570864,0.0097588674557424,0.0387818298135891,0.164056994299673,0,0.113096080298185,0.106279622434038,0.114881741922425,0,0.160976955827405,0.12150879357914,0.00329591813726002,0.17682147134557,0.0248248352631054,0.298849493822461
"Patient102",0.0315071435445203,0.0201520312661612,0.025418300780149,0.114733759870686,0.268969975448351,0.0508464463617077,0,0.108188254867079,0.0943486055972249,0.0850061190011311,0.142904792944238,0.00848435411174347,0.271215802192722,0.33005231482351,0.114733759870686,0.268969975448351,0.0508464463617077,0,0.108188254867079,0.0943486055972249,0.347209952972729,0.208531241492562,0.0815196303566875,0.0942674385930088,0.0542962419408423,0.28689312432704,0.160883216554633,0.369749842827341
"Patient105",0.0925191515247768,0.0935957328719397,0.101374971593034,0.133279030399469,0.11892008937926,0.0592895120834029,0.0409904267183918,0.0213589502466187,0.107792991886777,0.0810265201132857,0.0238753832389927,0,0.826974145131663,0.727886140846894,0.133279030399469,0.11892008937926,0.0592895120834029,0.0409904267183918,0.0213589502466187,0.107792991886777,0.0604580730060669,0.112128392334923,0.0782193486509747,0.024547711594411,0.0251314621331547,0,0.0391942280765047,0.485677005195914
"Patient106",0,0,0.00714255052987825,0.118662741022341,0.030720654244063,0.0531776295951108,0,0.0166393204859414,0.0958452955104366,0,0.0290656517991245,0,0.47960930359234,0.612049775833484,0.118662741022341,0.030720654244063,0.0531776295951108,0,0.0166393204859414,0.0958452955104366,0,0.0627762594208183,0.0400630208131064,0.00558901111044351,0,0.203953906011622,0.0416241338981075,0.403197893158284
"Patient107",0.0417015857470074,0.0340315976938992,0.0510519228870738,0.11885970067022,0,0.622537326077397,0,0,0.0790550810093665,0,0,0.00980847185425282,0.723063412230899,0.492227859368035,0.11885970067022,0,0.622537326077397,0,0,0.0790550810093665,0,0,0.226650491053233,0.0128628614541707,0,0,0.0265879318603738,0.517266642573487
"Patient108",0.0450911969526849,0.0448989003408989,0.0517332013340859,0.131711307235439,0.231939861084764,0.279116916014623,0,0.0252602834891818,0.110458061055695,0.078486066891607,0,0.0239177042621961,0.764510358401442,0.802618544364684,0.131711307235439,0.231939861084764,0.279116916014623,0,0.0252602834891818,0.110458061055695,0,0.20063356331752,0.356454604854338,0.0180027963630772,0.00256120738032311,0,0,0.506633566315677
"Patient10",0.0109770750331303,0.00579442882321891,0.0262094850838962,0.111397791742743,0.296848028738415,0.0753146413246957,0,0.0437943062156919,0.0870905537829692,0,0.0405318409687119,0.123302926040264,0.646211512186565,0.576148633773925,0.111397791742743,0.296848028738415,0.0753146413246957,0,0.0437943062156919,0.0870905537829692,0.455132404419159,0.302231562281026,0.0632879115942324,0.0434245262330889,0,0.507415647939379,0.01036431007782,0.42393837885824
"Patient112",0.0558465973589941,0.0434415985830582,0.0523665434878637,0.125576657943209,0.289204553206658,0.0175521540697376,0,0.0306415926351877,0.104355003770056,0.00453747009768931,0.0319410274734519,0.142581709939869,0.463900480356691,0.291441989550081,0.125576657943209,0.289204553206658,0.0175521540697376,0,0.0306415926351877,0.104355003770056,0,0.247071659315768,0.0456201640386583,0.0291999802597311,0,0.261700964393515,0.0167741255368185,0.397903829296584
"Patient116",0.0175231095585797,0.00728672999828478,0.0249282876789222,0.111259389399841,0.10302852505822,0.0710154748339785,0,0.00594704272278898,0.0992268996402301,0,0.0748395208173856,0.14064198142364,0.556719027644419,0.578557269122818,0.111259389399841,0.10302852505822,0.0710154748339785,0,0.00594704272278898,0.0992268996402301,0.23414799143586,0.0326637685636435,0.0972571122327453,0.0019157171645652,0,0.283601489621479,0.0454082706593212,0.401212542819984
"Patient117",0,0,0,0.0237432689170841,0.0547361317199258,0.033360451818324,0,0,0.0674941434737724,0,0.0870396686842931,0.0599996736813931,0.171089923219906,0.251403755146788,0.0237432689170841,0.0547361317199258,0.033360451818324,0,0,0.0674941434737724,0.152599828392366,0.0692820624929737,0,0,0,0,0.0852579437948366,0.348212360968999
"Patient11",0.0216838277826771,0.00885900876836948,0.0191232364925229,0.11814285548097,0.0630213391566522,0.143806127509186,0.028288544799668,0.0307436232367698,0.096331121626655,0,0.10691936296557,0.0594340988072134,0.496542390929788,0.603408105517709,0.11814285548097,0.0630213391566522,0.143806127509186,0.028288544799668,0.0307436232367698,0.096331121626655,0.396451094650101,0.00847090019556225,0.119890062715773,0.0222432943446984,0,0.366316415405625,0.10262759616504,0.400416261162783
"Patient121",0.0158252867106758,0.00775047738554246,0.0163540101067112,0.106940988325979,0.249945238723299,0.0377502959796327,0,0.0476723044860523,0.0933443085853248,0,0.0431415937126386,0.104325463196436,0.344678566588975,0.430303309369533,0.106940988325979,0.249945238723299,0.0377502959796327,0,0.0476723044860523,0.0933443085853248,0.0137315110826249,0.229400845528751,0.0362081291839969,0.0659020858967033,0.029934728220187,0.284713910971331,0.0451722493640027,0.367326378023557
"Patient125",0.0260184328088971,0.0337048179766802,0.0423078399302284,0.00387019682915379,0,0.111623657948608,0,0.313034329523938,0.111965600533459,0.0538333781537711,0.187063791396551,0,0.231089960806363,0.365866359619189,0.00387019682915379,0,0.111623657948608,0,0.313034329523938,0.111965600533459,0.282366626278985,0,0.123797561772118,0.277691611187616,0.0628485550493735,0.16727538867085,0.161301774965602,0.365618269799026
"Patient126",0.0250189345835434,0.0223331716224638,0.0325512961899796,0.0692214776739486,0.195408201429572,0.0818863093475041,0,0,0.0910660962322728,0,0.0272666070406241,0.0779064099854062,0.210442726179981,0.307162219158759,0.0692214776739486,0.195408201429572,0.0818863093475041,0,0,0.0910660962322728,0,0,0.155885916255673,0,0.00278675035289239,0.233007919875096,0,0.38407305187024
"Patient127",0.0492467186672704,0.0380457388699898,0.0442091962685292,0.121977442295428,0.312519841780476,0,0.0213506875870429,0.0312242089065522,0.104051915880728,0,0.0363361995622128,0,0.421547138228137,0.498608498016328,0.121977442295428,0.312519841780476,0,0.0213506875870429,0.0312242089065522,0.104051915880728,0,0.414202728684968,0,0.0374436205670881,0,0,0.0566925640676996,0.41905805502964
"Patient130",0,0,0,0.0772069871554301,0.208375449892871,0.0566778387119683,0,0.0073052096686981,0.0811867862238995,0,0,0,0.26994612362978,0.340945766626877,0.0772069871554301,0.208375449892871,0.0566778387119683,0,0.0073052096686981,0.0811867862238995,0,0.197754074543272,0.0422827613380009,0.00972292244678772,0,0,0,0.368863739986489
"Patient131",0.00399097777380985,0,0,0.0322602959335827,0.0767673401834969,0.0206391968611695,0.0481533049573722,0.150880705322086,0.0774446688895523,0.121063878379777,0.130125053982549,0,0.428017421986794,0.556820248195813,0.0322602959335827,0.0767673401834969,0.0206391968611695,0.0481533049573722,0.150880705322086,0.0774446688895523,0.133776409580061,0.158904368127146,0.0302319549882429,0.0859844134377753,0.0428839414717984,0.0577135303321787,0.0837485497693648,0.399275433879258
"Patient132",0.00621249768080546,0.0134071295897396,0.0255321236623552,0.0843596519321448,0.211699943825945,0.0113645468256284,0,0.0818074735592611,0.101433306599656,0.0981062663200613,0.128270909450249,0.0808951227627579,0.323141575663742,0.553848285239651,0.0843596519321448,0.211699943825945,0.0113645468256284,0,0.0818074735592611,0.101433306599656,0.246691537015203,0.232165460003248,0.0333822195839775,0.057231913642386,0.097643892110693,0.379822210563335,0.120245827556984,0.384085027011217
"Patient133",0,0,0,0.0946211907318177,0.0911983548262409,0.141169698936294,0,0,0.0975877595529578,0,0.0668682555745011,0.048037612590352,0.302682190258277,0.362221342243906,0.0946211907318177,0.0911983548262409,0.141169698936294,0,0,0.0975877595529578,0.278187001704521,0.0664965107324452,0.0377196099797335,0,0,0.28190738565982,0.0318669846096715,0.351214846022012
"Patient134",0.049791381303975,0.043364167448361,0.0536081133462362,0.0677254942521572,0.348868578705516,0.077259869137821,0,0.0918282305224326,0.0971492622590686,0.0815704334348009,0.133667758699215,0.0286973157124373,0.476845855918177,0.631813454016782,0.0677254942521572,0.348868578705516,0.077259869137821,0,0.0918282305224326,0.0971492622590686,0.219408054357353,0.236734565842593,0.15326761428554,0.0997658949079601,0.0865113823928396,0.278394419009567,0.220709159069095,0.427714693398128
"Patient135",0.0209991021770964,0.00944125067507142,0.019202828102148,0.0552869294085942,0.183339311376561,0.0850807717243243,0,0.0149422881085481,0.101286935542374,0,0.0575061068478744,0,0.625486797975783,0.666807571533905,0.0552869294085942,0.183339311376561,0.0850807717243243,0,0.0149422881085481,0.101286935542374,0.0446659677820827,0.1911001352247,0.065717653100962,0.0144961140330263,0,0.442789655303288,0,0.427962383781968
"Patient137",0.00761985820592901,0.021410693768989,0.0312494822534615,0,0.262910643945995,0.0251318711682804,0,0.240496646640056,0.0999163771100723,0.112606536829365,0.128718455578477,0,0.292562286591149,0.406572499520325,0,0.262910643945995,0.0251318711682804,0,0.240496646640056,0.0999163771100723,0.261199155033705,0.228263795578235,0.0056660515387749,0.263036527029475,0.116060794429968,0.254536713042205,0.021672681472585,0.402396306105062
"Patient13",0.0199154586215578,0.0207535712020254,0.0327963617674183,0.107860861730139,0.115011399947709,0.00183545710103795,0.0256460539331195,0.145830417039262,0.101214300088882,0,0.000644582061915469,0.0389311547867232,0.729094245900829,0.656631932072742,0.107860861730139,0.115011399947709,0.00183545710103795,0.0256460539331195,0.145830417039262,0.101214300088882,0.042323844308853,0.130098211589249,0.0563106519571548,0.0756865480139044,0,0,0,0.447692213530678
"Patient140",0.0110333047835075,0.00867434477783415,0.0151793890856971,0.117268470856628,0.0236623983862345,0,0.00774509859799993,0,0.101729983458359,0,0.0545521219242881,0,0.495091015734702,0.549160546959026,0.117268470856628,0.0236623983862345,0,0.00774509859799993,0,0.101729983458359,0.395047597316783,0.0729937000007656,0,0,0,0.569499512728146,0.0233190402315365,0.381103439867102
"Patient141",0.0241893159151447,0.0201828062201896,0.0267749309154044,0.127628053055619,0.0716085692372583,0.0120063462769975,0,0,0.11144814537979,0,0.0332325879222567,0.0576477299728925,0.710130798597832,0.540286948648499,0.127628053055619,0.0716085692372583,0.0120063462769975,0,0,0.11144814537979,0.152092482445188,0.128091950803442,0,0,0,0.0654362602947601,0,0.463109506750604
"Patient142",0,0,0,0.0145147741962129,0,0.0720312281276631,0.025491767836548,0.0688613721690732,0.0863936864470315,0.0758383289019974,0.0371670181007907,0,0.261547250337087,0.446984776810177,0.0145147741962129,0,0.0720312281276631,0.025491767836548,0.0688613721690732,0.0863936864470315,0,0,0.0636334083605956,0.0530769279459043,0.0364975823752882,0,0.026979339282139,0.360650189455243
"Patient143",0.0287598161108494,0.0190558307105868,0.0278441224965053,0.0665494159663456,0.0160602681244918,0.00555662039049282,0.0649524068984401,0,0.0604564799988798,0,0,0,0.124097913898106,0.157307946035018,0.0665494159663456,0.0160602681244918,0.00555662039049282,0.0649524068984401,0,0.0604564799988798,0,0.0660825629023208,0,0,0.0487239422925796,0.455680664959366,0,0.354209120310572
"Patient144",0.0347892166375036,0.0154424287358681,0.0267700223136593,0.0979007921588679,0.104340382001606,0.141400853139146,0.0517456364569203,0.0175841723534026,0.0825672885676013,0,0.0987884309932211,0,0.374431540682722,0.640186168796091,0.0979007921588679,0.104340382001606,0.141400853139146,0.0517456364569203,0.0175841723534026,0.0825672885676013,0.45512764778226,0.0849022308305581,0.147063066924705,0.0447319300160798,0,0,0.0418802883288751,0.383637464617677
"Patient145",0,0,0,0.0161908301105075,0.0539570254037184,0.0456187891264234,0.0302290793150151,0.0338670461277855,0.0810040726827539,0,0.106014125069364,0.0012551314153964,0.340752399476631,0.557029623434106,0.0161908301105075,0.0539570254037184,0.0456187891264234,0.0302290793150151,0.0338670461277855,0.0810040726827539,0.0724154016595485,0.0314898607384147,0.0418768659314081,0.012421904750485,0,0.0613301961397169,0.0497636079710667,0.387349611381335
"Patient146",0.0107877165129764,0.00729189885823645,0.0178452696852536,0.109586672161957,0.109241707863858,0.0508792052189356,0.0184926868175072,0.0189930892157785,0.0999481702205845,0,0.0426006480308559,0.0886517368681352,0.468949318470117,0.502846079289829,0.109586672161957,0.109241707863858,0.0508792052189356,0.0184926868175072,0.0189930892157785,0.0999481702205845,0.115190236276752,0.137520042200366,0.0614623894377156,0.0149368161337647,0,0.041663892172719,0.0503295796724636,0.398713220440747
"Patient147",0.0305811345360523,0.0262205193091837,0.0386743690683241,0.12531595985352,0.172239188532501,0.0687626736780593,0.0180549413843281,0.000331500012952743,0.096186322416377,0,0.0491074133272312,0.0900525451503899,0.701598705793602,0.673136645083542,0.12531595985352,0.172239188532501,0.0687626736780593,0.0180549413843281,0.000331500012952743,0.096186322416377,0.231341525311046,0.220390489300462,0.0849392908303431,0.00217389727726963,0,0,0.0120587023243778,0.483010318827602
"Patient148",0.0109389648688639,0.0083600096452559,0.014886986403761,0.122706537691155,0.0339325906943856,0.0259044566154919,0,0.0119629190769265,0.0893051889885518,0,0.0631964165341667,0.0324819421659638,0.560024433129642,0.560917797878042,0.122706537691155,0.0339325906943856,0.0259044566154919,0,0.0119629190769265,0.0893051889885518,0.204007669947852,0.0131762690833885,0,0,0,0,0.0440719321992801,0.389239135159103
"Patient149",0,0,0,0.0371540803781633,0.191904885576888,0.0279801998155747,0,0.114600054430322,0.0989631364203724,0.0606758679423569,0.11163745141469,0,0.256801114055416,0.434310991259316,0.0371540803781633,0.191904885576888,0.0279801998155747,0,0.114600054430322,0.0989631364203724,0.242830108786747,0.0789305853357457,0.104984591688546,0.108548359778261,0.0764545706806881,0.262008210031945,0.114108268352448,0.384662897599411
"Patient14",0.00175810946566172,0,0,0.0820792486833051,0.12763848732142,0.106714991398153,0.0440108244909374,0.05553704785162,0.0938703723592688,0.0677274814578823,0.0446192046951347,0,0.383142280963329,0.504616366524885,0.0820792486833051,0.12763848732142,0.106714991398153,0.0440108244909374,0.05553704785162,0.0938703723592688,0.0160648572410097,0.100317527025952,0.122410170064107,0.0390830475086582,0.0571539002395986,0.0851924659997721,0.0680151312979191,0.36029128911495
"Patient150",0.0265028974093633,0.0170494136334681,0.0191606108466046,0.118793585037213,0.332990741531384,0.06813615937865,0,0.052083807921474,0.101479573593163,0,0.0492286426584658,0.0268800440834171,0.56038288067125,0.601719192313326,0.118793585037213,0.332990741531384,0.06813615937865,0,0.052083807921474,0.101479573593163,0.142855531437518,0.341398522875788,0.0525277721159677,0.039078726451785,0,0.249272598378035,0.00868764224333254,0.441544796958912
"Patient154",0,0,0,0.113612769731998,0.0799610993790625,0.00899979611852894,0,0.0125991018103651,0.0940062108642186,0,0.0785223182761296,0,0.491055912247548,0.631201422660493,0.113612769731998,0.0799610993790625,0.00899979611852894,0,0.0125991018103651,0.0940062108642186,0.0503505222094556,0.0697000794258016,0.0153973878716255,0.0364348948740704,0,0.0688394611426841,0.0864515409129513,0.405479791816068
"Patient155",0.046206000995595,0.0410094636711783,0.0492624284043602,0.120732975746895,0.108088056168353,0,0.0200687086561217,0.0411380431189436,0.100662338001521,0,0.0226071287815114,0.0454021045001478,0.46805771020451,0.5535642711949,0.120732975746895,0.108088056168353,0,0.0200687086561217,0.0411380431189436,0.100662338001521,0,0.11972673774835,0,0.0352359772299704,0,0.148868302251336,0,0.403596006306554
"Patient156",0,0,0,0.114298275483254,0,0.0395037642172622,0.00469001987582618,0.0289552614133392,0.0976446103744616,0,0.00385039067297,0.0214212787545053,0.393803588878454,0.568591424506931,0.114298275483254,0,0.0395037642172622,0.00469001987582618,0.0289552614133392,0.0976446103744616,0,0.115259301514856,0,0.0294787234535494,0,0,0.0206863996596363,0.360456136103868
"Patient158",0.0194466443360466,0.0172108725760469,0.038459627887396,0.0560629635565476,0.156733779708946,0.0757152704118353,0,0.0994907726773108,0.101866376093189,0,0,0.0781918101430455,0.684768223385992,0.515944736164002,0.0560629635565476,0.156733779708946,0.0757152704118353,0,0.0994907726773108,0.101866376093189,0,0.111937049902007,0.0855196592239952,0.0562981641738366,0,0.395573887925784,0,0.423350126567503
"Patient159",0,0,0,0.120961616992948,0.237323492337969,0.0523587762590145,0,0.0477620155411131,0.097281168074191,0,0.0450290045944852,0.12209299226957,0.657138930240564,0.669415304541106,0.120961616992948,0.237323492337969,0.0523587762590145,0,0.0477620155411131,0.097281168074191,0.286140164941631,0.275300142521209,0.0479276018645135,0.0733801728291074,0,0.356557958077091,0.0536693160501299,0.436574274451121
"Patient15",0.049223728810616,0.039099542256024,0.0461574545791234,0.121338938094306,0.106906352270199,0.149018343996413,0.0157133708235263,0.00452776216994006,0.105607525859448,0,0.0455884126190488,0,0.639715012747745,0.707388736418834,0.121338938094306,0.106906352270199,0.149018343996413,0.0157133708235263,0.00452776216994006,0.105607525859448,0.145160989747455,0,0.141826604378197,0.010427233799961,0,0.345929087902127,0.064472885405837,0.429960528561628
"Patient162",0.0343553371766741,0.0287987228180797,0.0372574306500543,0.093854594341123,0.23492416557958,0.0433697138207791,0,0.0287508686102044,0.0826220300745781,0,0.0355940645774671,0,0.561496419140343,0.70285609877729,0.093854594341123,0.23492416557958,0.0433697138207791,0,0.0287508686102044,0.0826220300745781,0,0.25232891198201,0.0671178017328006,0.0236447771881602,0,0.025598665217606,0.0543379395614845,0.416348860590712
"Patient163",0.0457489979099567,0.0434735360813336,0.0588316429259222,0.1106445972175,0.320242945605602,0.0120508386708449,0,0.0581107766564657,0.10090406440362,0,0.101226468824098,0.0954397926200161,0.704809510671498,0.748363358543118,0.1106445972175,0.320242945605602,0.0120508386708449,0,0.0581107766564657,0.10090406440362,0.521146952276722,0.283344381855486,0,0.0343432690875978,0,0.803667179115832,0.145409062798963,0.460664308433735
"Patient165",0.016273648072624,0.00257461324824374,0.0138359519896546,0.10545022121876,0.0492013149905923,0.105991641038313,0.0108877227580288,0.0258508194829198,0.067609112737179,0,0.00756791836411287,0,0.560279808743253,0.651846617627599,0.10545022121876,0.0492013149905923,0.105991641038313,0.0108877227580288,0.0258508194829198,0.067609112737179,0,0.0667586634647108,0.114751015780499,0.0545474556651632,0,0.0610304110107352,0,0.392677067530877
"Patient166",0,0,0.00541378015677658,0.128296109354537,0.11801993525325,0,0.00964009595139268,0.0040387643138082,0.0848881527983289,0,0.0213735574193103,0.122633615012924,0.663135378780066,0.652915271478699,0.128296109354537,0.11801993525325,0,0.00964009595139268,0.0040387643138082,0.0848881527983289,0.258598905139793,0.177838551618337,0,0.0105198842272654,0,0.478771505854677,0,0.438670950177733
"Patient167",0.00670449706469607,0,0,0.121827684929745,0.00559972001021465,0.0705705207188023,0.0313208650849078,0.0517419981532642,0.0976859348877475,0,0.0466911925537547,0.0101949003156881,0.355343956984135,0.540118133199076,0.121827684929745,0.00559972001021465,0.0705705207188023,0.0313208650849078,0.0517419981532642,0.0976859348877475,0,0,0.0660662131251092,0.0740377771019439,0,0,0.0678535714119515,0.39555828105966
"Patient168",0.0115241119201651,0,0.00670606880246027,0.113544931636847,0.0802606093353257,0.0151639743291236,0.0226453762616664,0.022754650357704,0.0823753028280746,0,0.0590065115279474,0,0.445583268964675,0.519153690587558,0.113544931636847,0.0802606093353257,0.0151639743291236,0.0226453762616664,0.022754650357704,0.0823753028280746,0.522581547451505,0.0933660791267198,0,0.0189282782230382,0,0.516902228233802,0.0252744861821536,0.359332146985249
"Patient169",0.032503399442029,0.0342519382157978,0.0511133904189031,0.0415543660439368,0.165416620972646,0.0567726441270619,0.050087515454267,0.0566409677911548,0.100182291511763,0,0.0323352922618716,0.0701012311499879,0.689815979835781,0.756410403074556,0.0415543660439368,0.165416620972646,0.0567726441270619,0.050087515454267,0.0566409677911548,0.100182291511763,0.0250496704659092,0.0175646238992883,0.0431052035391652,0.0527685506350117,0,0.424765773158001,0.0494258006290667,0.414188064093424
"Patient170",0.0309036985771087,0.0213272753043621,0.0305722698068076,0.119048750512977,0.230515457033797,0.0408740800405107,0.0161106281023692,0.0146751728009796,0.0940055053226723,0,0.138018596890501,0.0828307995521479,0.478708503847597,0.537922986613103,0.119048750512977,0.230515457033797,0.0408740800405107,0.0161106281023692,0.0146751728009796,0.0940055053226723,0.465430166356407,0.228494204469151,0.035000708685563,0.00931334929507992,0,0.423547803763956,0.0621778274351175,0.366270207079506
"Patient172",0.0065608121573029,0.0184118677937593,0.0340656160707489,0.0901342260794671,0.344504046927449,0.0257855573198645,0.0391999784691335,0.150598946779953,0.100314266359893,0.133142374794263,0.080950072033893,0.00430240790748855,0.474025462804967,0.666863965111368,0.0901342260794671,0.344504046927449,0.0257855573198645,0.0391999784691335,0.150598946779953,0.100314266359893,0.0847796171898366,0.330208999783502,0.0174791072155821,0.159722486310389,0.12674688601571,0.101431670052093,0.0904610460273951,0.400238560319617
"Patient173",0.00984487637649123,0.00218587776427735,0.0110127936808464,0.100008518618578,0.171957651279072,0.0490542992769925,0.046461406052969,0.0679768668238293,0.0921356671893769,0.0466098402060689,0.0319358109679927,0.0427344233263495,0.414514872396805,0.64303912773919,0.100008518618578,0.171957651279072,0.0490542992769925,0.046461406052969,0.0679768668238293,0.0921356671893769,0.00631984775142317,0.122465981357409,0.0872610203826698,0.0505300972189181,0.0122874279067369,0,0.0200390379108685,0.38744390097043
"Patient179",0.0592461032683345,0.0570786339488776,0.0630999038391602,0.132856375942885,0.219493082516437,0.0613801174684965,0,0,0.10915154309263,0,0.198270310559205,0.137891264352112,0.763397824995392,0.638317428751693,0.132856375942885,0.219493082516437,0.0613801174684965,0,0,0.10915154309263,0.803550497927331,0.286152945775306,0.0945703440986539,0.00585102917914321,0,0.531004006026316,0.101937456267734,0.4891540662506
"Patient17",0,0,0,0.0490752467665205,0.1459823130013,0.016887908013034,0,0.0660150258247501,0.0973681738409916,0.00521313245714376,0.0595199218281209,0.0675227278213841,0.193758922790036,0.372303238629159,0.0490752467665205,0.1459823130013,0.016887908013034,0,0.0660150258247501,0.0973681738409916,0.0895384867535062,0.139366008783538,0.00229606413271982,0.0556989685669287,0,0.272377768802117,0.0789616195354677,0.380094101396239
"Patient181",0.0280155425173911,0.0192289975798796,0.0310062684983439,0.109747999101777,0.349436005202604,0.0906589628923758,0.0471320552072814,0.0603794141680079,0.0880081711435258,0.0293122259839845,0.0978095087979326,0.0194126729865464,0.354159264483152,0.536810103327918,0.109747999101777,0.349436005202604,0.0906589628923758,0.0471320552072814,0.0603794141680079,0.0880081711435258,0.165670039019915,0.163432154451693,0.0296237245441305,0.0551111783314921,0,0.227115458351306,0.0809329559672949,0.399895823261483
"Patient183",0.0186838501690251,0.0272201861698133,0.0366110968904577,0.119442749046626,0.192302961532606,0.092154116804435,0,0.104423065140188,0.104779907433121,0.0847138344741481,0.204983168797855,0.0311894392504315,0.648497502457896,0.786042711928352,0.119442749046626,0.192302961532606,0.092154116804435,0,0.104423065140188,0.104779907433121,0.30149720122736,0.205247199488559,0.0755684873158547,0.0908869377446022,0.12056429968939,0.249555674467659,0.248423297670251,0.455448656577224
"Patient184",0,0,0,0.0996534052829918,0,0.0487348812630858,0,0.002508954629115,0.0947549288591369,0,0,0.0129294255960632,0.194681794020223,0.0843371360297479,0.0996534052829918,0,0.0487348812630858,0,0.002508954629115,0.0947549288591369,0,0,0,0.00603728205765716,0,0,0,0.317444770466654
"Patient185",0.0045570214231265,0,0.00617383804039151,0.121593323821765,0.104233623787137,0.0450941529584656,0.00748249172530747,0.0321087302027705,0.0783230687934652,0.0346988556110642,0,0.0337900807597777,0.538699665635438,0.689666139251274,0.121593323821765,0.104233623787137,0.0450941529584656,0.00748249172530747,0.0321087302027705,0.0783230687934652,0,0.0618713951197936,0.027909555308603,0.0230169569644644,0,0,0.0143963084321172,0.39509541022276
"Patient187",0.013799038019551,0.00636492023610073,0.0156754973204252,0.0748847618437484,0.275397045129978,0.063174753903685,0,0.0311648248112293,0.101481264223286,0.0113114948037444,0.0853711172126612,0.0147013990237247,0.414741592354652,0.598170152782312,0.0748847618437484,0.275397045129978,0.063174753903685,0,0.0311648248112293,0.101481264223286,0.182442547766726,0.208415148863096,0.0682736620399243,0.048592253447186,0,0.38366755613231,0.0576406665642658,0.367486932228914
"Patient188",0.0327641793427936,0.0388180548685997,0.0552169270425851,0.114683971368775,0.107121794848501,0.00307336155363706,0,0.107034487653568,0.102803546010367,0,0.0264524346271538,0.0647245639998641,0.806002447391454,0.632480117047327,0.114683971368775,0.107121794848501,0.00307336155363706,0,0.107034487653568,0.102803546010367,0.0426706923900843,0.0786185795017827,0,0.0865538725896266,0,0.226027635631306,0,0.524040818471685
"Patient18",0.0298977939389732,0.0261844451304141,0.0380944801821367,0.120076167266088,0.0999239901882061,0.142718971824134,0,0,0.0350600073540216,0,0.0218117876081657,0.0196362073376867,0.572427474875848,0.407433026193867,0.120076167266088,0.0999239901882061,0.142718971824134,0,0,0.0350600073540216,0.177984959621288,0.0372208483387837,0.142559271896785,0,0,0.353188053638575,0,0.447010661415947
"Patient1",0.0359037259221851,0.0486360883657035,0.0573403817588991,0.127899939078911,0.114087902761288,0.0938920412153572,0,0.0188480980129934,0.102513686307779,0,0.111049343284916,0.0596895772924377,0.869425723470631,0.701704612715825,0.127899939078911,0.114087902761288,0.0938920412153572,0,0.0188480980129934,0.102513686307779,0.240734834144816,0.11358143048527,0.0645047663424673,0.0246451869787667,0,0.575498925952901,0.124666406432835,0.521670689880505
"Patient20",0,0,0,0.0669400116801239,0.0469838198537449,0.0922541160788177,0.0379911482446478,0.0517747407802078,0.0970295868009677,0,0,0,0.20552876279182,0.231395625311292,0.0669400116801239,0.0469838198537449,0.0922541160788177,0.0379911482446478,0.0517747407802078,0.0970295868009677,0,0.0161957338966579,0.0916572723638143,0.0495591162508004,0,0,0,0.387982094084467
"Patient21",0,0,0.00218918212840238,0.124372923574475,0.0538417248151585,0.109357114658224,0.0192639764331279,0.0130287862227113,0.0919439097987279,0,0.0267548787634023,0.0449180699043193,0.47823892719371,0.460753842413069,0.124372923574475,0.0538417248151585,0.109357114658224,0.0192639764331279,0.0130287862227113,0.0919439097987279,0.0262152112845356,0.0900398410914137,0.0898131415507542,0.00916622907391346,0,0,0,0.397329542218136
"Patient22",0.00392846314059708,0.00453769952488861,0.0151940961510783,0.127208860052344,0.0689735696945455,0.0124062964041925,0.0140428743998056,0.00857539486379021,0.0888532902799733,0,0.0626752195491989,0,0.637945435158872,0.611117717618717,0.127208860052344,0.0689735696945455,0.0124062964041925,0.0140428743998056,0.00857539486379021,0.0888532902799733,0.260934706491475,0.0280935023339011,7.333201767855e-05,0.00708526102582252,0,0.247718111962475,0.0342067186022263,0.435054899395249
"Patient23",0.017757612074283,0.0109822705947564,0.0196828329738859,0.1200133740625,0.0699193589756006,0.0232867390425463,0.0317677196975011,0.0221827085694549,0.0940468971957113,0,0.119162360077177,0.0995295896364476,0.597160434697916,0.618905971720939,0.1200133740625,0.0699193589756006,0.0232867390425463,0.0317677196975011,0.0221827085694549,0.0940468971957113,0.319524469930992,0.021371699491842,0.0190448662732993,0.0272960083728832,0,0.403745963202705,0.0514071364683927,0.427261371676075
"Patient24",0.0065598193874249,0,0.00737714972715995,0.100544374395352,0.0286714936426361,0.037258452515887,0.00730089560996279,0.00230686108715565,0.0978370295628944,0,0.011739976690764,0.0889066874977685,0.543962294702126,0.252232337986173,0.100544374395352,0.0286714936426361,0.037258452515887,0.00730089560996279,0.00230686108715565,0.0978370295628944,0.0602816205712697,0.127978481694898,0.0989517608360748,0,0,0.16844441929701,0,0.425205396862708
"Patient25",0.00668457109641711,0,0.00913982830910484,0.10781508090739,0.148025297689771,0.105917294771543,0.02143423014726,0.0268651736370752,0.0990235746087092,0,0.19645754588423,0,0.30147487867617,0.527747532498118,0.10781508090739,0.148025297689771,0.105917294771543,0.02143423014726,0.0268651736370752,0.0990235746087092,0.307948966793011,0.228987745029662,0.0909673642871916,0.0255884188728489,0,0.178962186648173,0.138459407587526,0.397620457701141
"Patient27",0.0454099191305142,0.0358416972770361,0.0435319114546797,0.124349908046069,0.261643713432417,0.0869890497187359,0,0.0744809653152774,0.103584701132653,0.28357336891335,0.038903596802597,0,0.668995978869778,0.739687126335846,0.124349908046069,0.261643713432417,0.0869890497187359,0,0.0744809653152774,0.103584701132653,0.345390010194122,0.2239930290847,0.0871508486371723,0.0827131695209443,0.212413693439494,0.432987446556612,0.0760164983446531,0.441601945580859
"Patient30",0.0300126928610923,0.0215586073496529,0.0303266187910805,0.0937303839234291,0.111446098418895,0.123965192633766,0,0.0183671852052645,0.101070652721805,0,0.041916588379766,0.00546991791608181,0.440413025291286,0.723779643426316,0.0937303839234291,0.111446098418895,0.123965192633766,0,0.0183671852052645,0.101070652721805,0,0.0465937645700049,0.148232617573173,0.0022985839226183,0,0.06071335834555,0.0126310600628407,0.445486667148477
"Patient31",0.00480874927235254,0,0.00590965012955838,0.102867216729426,0.0618716995378018,0.101349285126096,0,0.00766145180617934,0.0931926104854671,0,0.0532525474200864,0.166739683274248,0.641101911638404,0.596320168069793,0.102867216729426,0.0618716995378018,0.101349285126096,0,0.00766145180617934,0.0931926104854671,0.079779921830747,0.0871378688761094,0.0864852144653746,0.00725614164577483,0,0.0481035294828331,0.0431747494861576,0.458955799868653
"Patient32",0.0841392541734081,0.0782215756789028,0.0872177942806671,0.136073085131395,0.159353833318594,0.094008935614185,0.133078323062675,0.0201470739207168,0.0945955521534324,0,0.202010378300961,0,0.70229336020741,0.74203383806614,0.136073085131395,0.159353833318594,0.094008935614185,0.133078323062675,0.0201470739207168,0.0945955521534324,0.404123997343244,0.11098947668302,0.137239472124063,0.013625094890195,0.0147502032885362,0.547104654518402,0.101793360012603,0.43522057352447
"Patient33",0,0,0,0.0487783699893409,0.184056014280753,0.0443693531126383,0,0.127965578345848,0.101979455756648,0.119610420522386,0.168106340157155,0,0.173663465624528,0.497360597678899,0.0487783699893409,0.184056014280753,0.0443693531126383,0,0.127965578345848,0.101979455756648,0.159968348750548,0.19597387164992,0.0594716525159913,0.13675608102101,0.0470714064594911,0.104272021970175,0.128833186256791,0.360520582409123
"Patient34",0.0537952177373053,0.0442035199112419,0.048633638532482,0.149379217788179,0.103655679703765,0.0378775755447731,0,0.0314869364339061,0.0933862287001162,0.00343548161576353,0.153101320799237,0,0.558364882955215,0.479525684833186,0.149379217788179,0.103655679703765,0.0378775755447731,0,0.0314869364339061,0.0933862287001162,0.392115035627299,0.240611968770194,0,0.04758195547814,0.00393704440575053,0.261268310260563,0.382435039607254,0.404018075141167
"Patient35",0.0219347086340212,0.0219680127496908,0.0251860723031829,0.122464013704815,0.108965694789505,0.0304913981256641,0.0200783565845078,0.0376283012247651,0.099242641048272,0,0.0792499668976707,0.126338059785636,0.648473341644087,0.447374572525933,0.122464013704815,0.108965694789505,0.0304913981256641,0.0200783565845078,0.0376283012247651,0.099242641048272,0.19719129850809,0.124686334706908,0.0443150845401091,0.039950028815685,0,0.266685244433867,0.0741687262127423,0.416181955898899
"Patient36",0.00985585597708836,0.00904434955270527,0.0183622807653989,0.1292610392118,0.367507423325745,0.0323611936046688,0,0.0243899925133192,0.080692809243247,0.0147269765995661,0.168239930430663,0.0263602914073702,0.773679519105843,0.716758862803516,0.1292610392118,0.367507423325745,0.0323611936046688,0,0.0243899925133192,0.080692809243247,0.367219120280397,0.240233968345017,0.059785503998655,0.0434421314453568,0.0198012741139454,0.0487928120179996,0.157522246460903,0.512238327755291
"Patient37",0,0,0,0.0957820598940278,0.307960054578323,0.0166595686066147,0,0.14902645487243,0.102421702496216,0.0960783958873885,0.168725332133081,0.00844329536669423,0.451284531875667,0.683475561792645,0.0957820598940278,0.307960054578323,0.0166595686066147,0,0.14902645487243,0.102421702496216,0.319524718636521,0.306610650256078,0.0212544531447677,0.146361431027189,0.106948350279707,0.441394246223768,0.139918407794302,0.405382144552644
"Patient38",0.0129013874731958,0.0118112506500611,0.0276210856070132,0.130432691119423,0.2264813310131,0.0774444541226142,0,0.0469147312914032,0.104546389949177,0,0.0332869226122676,0,0.707649708469294,0.707253186836877,0.130432691119423,0.2264813310131,0.0774444541226142,0,0.0469147312914032,0.104546389949177,0,0.284335039997506,0.0719667178440259,0.0550005236372306,0,0.061061973650736,0,0.46236893230481
"Patient40",0.00458760564224607,0.00741693531644958,0.0218769440873678,0.126881855367961,0.118895343659334,0.15843399158572,0,0.0190811486780004,0.106137999189431,0,0,0,0.731981442029771,0.74834894451109,0.126881855367961,0.118895343659334,0.15843399158572,0,0.0190811486780004,0.106137999189431,0,0.134855964991378,0.132471453925031,0.029792524185191,0,0.130247165898838,0.0131444865581259,0.467311284793411
"Patient42",0.0041140336921903,0.0061929887408023,0.0179427285064691,0.123825760690264,0.137210206568917,0.0395559965593257,0,0.0186732994900212,0.104956837565841,0,0.0836664785769929,0.0806535897479039,0.675709804648618,0.671175664120154,0.123825760690264,0.137210206568917,0.0395559965593257,0,0.0186732994900212,0.104956837565841,0.471049066534767,0.0768830953482828,0.0112765387008924,0.00902243580724068,0,0.455952704483513,0.0783997189129295,0.448115614510425
"Patient44",0.00716937553474576,0.0109027414864702,0.0197315315398892,0.110626410358662,0.1274345848707,0.0351661406131114,0,0.11204934517146,0.108655608557809,0.200408257799839,0.122308063195204,0.169502147686512,0.449886777348303,0.419305659685734,0.110626410358662,0.1274345848707,0.0351661406131114,0,0.11204934517146,0.108655608557809,0.112268556993622,0.103324112009076,0.0412332298009541,0.139009285965966,0.192311649060626,0.540926310419276,0.288170959994479,0.390785575309095
"Patient45",0.0276151229708902,0.0143704663348077,0.0169718835459239,0.0986724212177613,0.168423690667269,0.01436613082973,0,0.00670307418180491,0.0950206196694773,0,0.0528096906426061,0.00733945445102626,0.151991594329739,0.244525617985132,0.0986724212177613,0.168423690667269,0.01436613082973,0,0.00670307418180491,0.0950206196694773,0.15068791825836,0.0705370216092205,0.0220596946751026,0.0091652813833987,0,0.123510330989264,0.0576571041104045,0.364184493536403
"Patient47",0.0452611743472883,0.0373812893281677,0.0511490680312544,0.111975833186965,0.0730591556511951,0.00052819111906645,0,0,0.106337312265783,0,0.0454829819043519,0.0251227011215278,0.817530759001133,0.720803332928591,0.111975833186965,0.0730591556511951,0.00052819111906645,0,0,0.106337312265783,0.113711526508281,0.0891788852579029,0.0827350216858744,0,0,0.238250909485074,0.0212859714252167,0.482064705001988
"Patient48",0.0211342288791152,0.0281242930848368,0.0384928103261705,0.131478469472087,0.0031582780303177,0.0543546571878072,0,0.0148289609474681,0.103219977183677,0,0.108886357867191,0.1003509136391,0.84503442499769,0.416478440409061,0.131478469472087,0.0031582780303177,0.0543546571878072,0,0.0148289609474681,0.103219977183677,0.349005616349378,0,0.0966385455581297,0.010145815087771,0,0.212546263627797,0.0945888286594588,0.517906468329143
"Patient4",0.0449104482606995,0.0399976935841526,0.0455489307237031,0.116833090113223,0.121793677501089,0.115447176669119,0.120080809098506,0.0291790590527248,0.0967658159354606,0.00827153619285821,0.217223066161081,0.0529383718260876,0.475009779063865,0.623433889590089,0.116833090113223,0.121793677501089,0.115447176669119,0.120080809098506,0.0291790590527248,0.0967658159354606,0.738467390125207,0.10235248483655,0.140856998807031,0.0689290521233565,0.00194491903441694,0.567072803529553,0.207399953714741,0.360866170275339
"Patient51",0,0,0,0.0446566636259346,0.0782354716969418,0.0985107047672206,0,0.00933315978477108,0.0437381681361018,0,0.0343698659929505,0,0.267733037667216,0.239576617601878,0.0446566636259346,0.0782354716969418,0.0985107047672206,0,0.00933315978477108,0.0437381681361018,0.111799446341444,0.092162833008181,0.0677920955641318,0,0,0.188220475194495,0.0321507271764875,0.400645714945791
"Patient58",0.00760984924712079,0.00483288680321246,0.0186854717052857,0.130035691125728,0.0880542609137587,0,0.0358166561150896,0.021149750556022,0.0955519041358154,0,0.02774929490749,0.0344939220938884,0.768454075666495,0.756668852275004,0.130035691125728,0.0880542609137587,0,0.0358166561150896,0.021149750556022,0.0955519041358154,0.163460583352718,0.168459392071622,0,0.0214973538432079,0.00029964269466022,0.128861205312456,0.0317968190842344,0.463329339729665
"Patient61",0.0282499659391291,0.0142440921863411,0.0211519610202611,0,0,0.12111534513769,0.0450886989385587,0.127718105525131,0.0825646196988329,0.18465410142804,0.0415439673414124,0,0.0714309853988226,0.149118261554312,0,0,0.12111534513769,0.0450886989385587,0.127718105525131,0.0825646196988329,0,0,0.117972979597908,0.101940011489787,0.165570698077433,0,0,0.222683000744199
"Patient62",0,0,0,0.0315633476344151,0.156600814019672,0.0232026878449464,0,0.0194044661833925,0.0805895086314482,0,0.0154774892035771,0,0.0617267888341325,0.0128835043463179,0.0315633476344151,0.156600814019672,0.0232026878449464,0,0.0194044661833925,0.0805895086314482,0,0.13438086649,0.0181126895380876,0.00678997146619804,0,0.085318109161354,0.0197531312373662,0.355012348423345
"Patient63",0.0570626395834168,0.060628830329367,0.0666648394053508,0.122600108037501,0.032924164955772,0.180828401615963,0.0153315351569733,0.00066525094380783,0.104929874049762,0,0.0168839383152007,0,0.790665445292197,0.773270736599866,0.122600108037501,0.032924164955772,0.180828401615963,0.0153315351569733,0.00066525094380783,0.104929874049762,0,0.00423626517782884,0.236460261268967,0.00781782515997117,0,0,0,0.478614102386409
"Patient67",0.0171164836570585,0.0159400489139903,0.0288767447238901,0.12996248411256,0.168596854360556,0.0549030291428294,0,0.012545950518589,0.107296648623143,0,0.0314502996923131,0.0043798271474322,0.883862944295961,0.844697606874528,0.12996248411256,0.168596854360556,0.0549030291428294,0,0.012545950518589,0.107296648623143,0.308419803933648,0.174981172579994,0.0788691078944302,0,0,0.364763414597994,0.0144587654725384,0.54587767924425
"Patient6",0.0230665882368104,0.018885110720052,0.0279657369782296,0.124619621420546,0.207431102250132,0.0467781642042766,0.0824989409984894,0.0478167704370495,0.102048149116883,0.0268638614286757,0.00967192632278141,0,0.733070259218847,0.62675798415446,0.124619621420546,0.207431102250132,0.0467781642042766,0.0824989409984894,0.0478167704370495,0.102048149116883,0,0.0734939709674703,0.0510871981084347,0.0537262665642123,0.0153168252000664,0.448172556678426,0,0.454332901501088
"Patient72",0.0515093845109256,0.0498582990976945,0.0587610720563192,0.12361605022477,0.44301626103112,0.0727156969276965,0.125667794197056,0.0391980785473289,0.0947880973907786,0.0261897715949237,0.201543795879063,0.073832687548681,0.518601164254707,0.655242935626432,0.12361605022477,0.44301626103112,0.0727156969276965,0.125667794197056,0.0391980785473289,0.0947880973907786,0.530873800637014,0.305929466791686,0.0986920165060234,0.0395611988611565,0.0751824378433026,0.5675409645922,0.128841899160597,0.412256205720389
"Patient73",0.0530265416590207,0.0457639210801014,0.0472773423792653,0.123497473759285,0.172248749982159,0.0631652350477717,0,0.0218653811391298,0.100029781512501,0,0.0291673229956247,0.0259870839053708,0.595038635072494,0.531045160022376,0.123497473759285,0.172248749982159,0.0631652350477717,0,0.0218653811391298,0.100029781512501,0.251186623198563,0.161420617412816,0.056750512841898,0.0349088613208486,0,0.299813278601128,0,0.403384392078234
"Patient75",0.0216531170160382,0.0125788813052013,0.0187392277405125,0.0802554447395686,0.0379402290178213,0,0,0,0.0983833292858378,0,0.0262588987588213,0.0931645231971616,0.29011558073079,0.249477586734657,0.0802554447395686,0.0379402290178213,0,0,0,0.0983833292858378,0.106363888467291,0,0.115011861912735,0,0,0.265326570417649,0.0182409749460573,0.412519152467416
"Patient77",0.00945211056698716,0.00578021460912499,0.0178579070439093,0.0389391628521051,0.152082514447918,0.0673057428309517,0,0.0134831155801508,0.0948042739962838,0,0.00445465960555342,0.0358811448869715,0.313587222858219,0.468802961385154,0.0389391628521051,0.152082514447918,0.0673057428309517,0,0.0134831155801508,0.0948042739962838,0,0.141443894724322,0.0686056035457027,0.0248775543627905,0,0.324342981249439,0.0305711317691717,0.368171375163708
"Patient78",0,0,0.00486281408663591,0.0589649611348924,0.239479222733676,0.0438563890356011,0.0573877186272974,0.0337484408072271,0.0709660530123959,0,0.0146827853893377,0.0306074196283175,0.271371196951783,0.330890126397089,0.0589649611348924,0.239479222733676,0.0438563890356011,0.0573877186272974,0.0337484408072271,0.0709660530123959,0,0.111984688806635,0.0234440842938287,0.0252403187543296,0,0.165416874608437,0.00672253804896303,0.37945759787157
"Patient79",0.00189453549750602,0,0.00318326464295017,0.0533907277893159,0.0955805606341618,0.053835917963489,0.0305920760952037,0.0569182605137063,0.0935711373071259,0,0.0597412861081865,0.0273975420368604,0.23536287743667,0.288266907673954,0.0533907277893159,0.0955805606341618,0.053835917963489,0.0305920760952037,0.0569182605137063,0.0935711373071259,0,0.118317358807853,0.050413035943128,0.0807105817239036,0,0.177543186153407,0.145577367029748,0.365941475345767
"Patient7",0.0270206865681467,0.0231587392492229,0.032834268354652,0.120903239310154,0.165710640089306,0.0608595470022495,0.0125807474284513,0.0129563442267073,0.0980430659104504,0,0.0686134583276455,0,0.613314580920438,0.632892184273649,0.120903239310154,0.165710640089306,0.0608595470022495,0.0125807474284513,0.0129563442267073,0.0980430659104504,0.252716396511972,0.0656432879591377,0.0234689169315636,0.0020552479084718,0,0.430809309221904,0.0780144857095839,0.435077635438885
"Patient82",0.0195161321564587,0.011419719934434,0.0189677453498611,0.116236692478866,0.216192737130459,0.0317777417435914,0,0.0118097217948602,0.0999214529267182,0,0.038276553520748,0.0258322404209228,0.732141655629444,0.577350305294586,0.116236692478866,0.216192737130459,0.0317777417435914,0,0.0118097217948602,0.0999214529267182,0,0.176137174668969,0.0388003775231016,0.049136534134756,0,0.225696484851099,0.0234066389211919,0.462087625156821
"Patient83",0.0378401722011939,0.0335196380107155,0.0424508990196831,0.117728952250624,0,0.10713947675345,0.0830026851102667,0.00853837391547082,0.097170245809517,0.00895392434430099,0.179514900683491,0.0669425090827973,0.778138647646577,0.666066442120538,0.117728952250624,0,0.10713947675345,0.0830026851102667,0.00853837391547082,0.097170245809517,0.764008253822858,0,0.0865930622600151,0.0130421296972771,0.0227752072110893,0.581462152921434,0.047171718707894,0.501495148765332
"Patient86",0.0321679707218861,0.048849207789033,0.0626842450784242,0.0932816885564864,0.193361643599621,0.041844079337514,0,0.1931103484255,0.106953153966,0.0991317475982956,0.268668780617792,0.0215658689573037,0.314194686409072,0.508153998756341,0.0932816885564864,0.193361643599621,0.041844079337514,0,0.1931103484255,0.106953153966,0.298837441224498,0.177738876659708,0.0149185115631824,0.175855957549292,0.103132384258484,0.310390370421406,0.278795042398692,0.381282164812949
"Patient87",0.0659981624653323,0.0614704593787454,0.0710450310117936,0.131655779996225,0.345599534156901,0.0937143002774288,0,0.225597113195071,0.110472501671043,0.326347176913132,0.218221230198798,0.136461816659932,0.63207271573487,0.620259037960404,0.131655779996225,0.345599534156901,0.0937143002774288,0,0.225597113195071,0.110472501671043,0.501936120234605,0.249247940491279,0.135663574781634,0.236848830378902,0.362216317881316,0.543893144278404,0.234906581922396,0.43557681642568
"Patient8",0.0312225799045903,0.0290275473267868,0.0362173221367604,0.110067803484098,0.281352565732486,0.0931554843557608,0.0218541219654347,0.0186761533930823,0.0939140933747804,0.0188020931773977,0.144302805682957,0.00875481359690126,0.622828061430187,0.647499551970744,0.110067803484098,0.281352565732486,0.0931554843557608,0.0218541219654347,0.0186761533930823,0.0939140933747804,0.424793382544035,0.239969441868072,0.103482714422251,0.0118317638972977,0.066541769188815,0.398166380326742,0.0481631251486312,0.430261587663413
"Patient94",0.0435331000384816,0.0374381821002772,0.0483275494009481,0.0993391423574538,0.070892420675625,0.203569927513308,0,0.061990178766773,0.1046015870758,0,0,0.0113560169136533,0.5873681935881,0.795172874010744,0.0993391423574538,0.070892420675625,0.203569927513308,0,0.061990178766773,0.1046015870758,0,0.0102317451004954,0.204497657826716,0.0527179047605254,0,0,0.00765589158777278,0.411326444905297
"Patient96",0.0247217628549221,0.0222051050171902,0.0274855662303409,0.131667614354412,0.130557285566836,0,0.0122053431102549,0.0225085593199748,0.101142362099944,0,0.0946028316783933,0.139925916724208,0.601927896641519,0.400189274029575,0.131667614354412,0.130557285566836,0,0.0122053431102549,0.0225085593199748,0.101142362099944,0.187267031689044,0.0838569985488598,0,0.0152781460449961,0,0.348923875822475,0.0969333052575747,0.45908881735274
"Patient98",0.0308662277286376,0.0225318021999695,0.0300128449078065,0.0547956242704325,0.370238704141677,0.0816100133611537,0,0,0.089697347266876,0,0.106334761809337,0.00408966067414237,0.300048998864537,0.335065475018743,0.0547956242704325,0.370238704141677,0.0816100133611537,0,0,0.089697347266876,0.235446723020948,0.219771324725755,0.130697667701478,0,0.033231872611039,0.378334207292116,0.121962041811397,0.392269491318829
"Patient99",0,0,0,0.00779790341773899,0.105769761731362,0.0237236210421721,0,0.0334967992917095,0.0821481883997944,0,0.0495900535773765,0.0385495195509664,0.146833832371958,0.353543331613724,0.00779790341773899,0.105769761731362,0.0237236210421721,0,0.0334967992917095,0.0821481883997944,0.132860211837997,0.0524766219456493,0.0330233297946615,0.0185224050626343,0,0.0606282978040139,0.0398310984448195,0.332736327791925
"Patient9",0.00580446265757966,0.00372073331423164,0.0113091431561781,0.123508864987909,0.143746315114646,0.0650924254211843,0,0.00217065877275492,0.0804837339996774,0,0.121892740150781,0.121614182042921,0.728336457896551,0.665231496888392,0.123508864987909,0.143746315114646,0.0650924254211843,0,0.00217065877275492,0.0804837339996774,0.607000421370762,0.183771769430055,0.0547900678390327,0.00087640412163375,0,0.631047654065716,0.166824340162566,0.496577055025157
"Patient56",0,0,0,0.0712064103630114,0.189986821987232,0.0443871883413936,0.0503462143099224,0.077211786280443,0.0898087384470715,0.0340276225146663,0.109962303993603,0.0150995702393948,0.281500308756533,0.499376192021432,0.0712064103630114,0.189986821987232,0.0443871883413936,0.0503462143099224,0.077211786280443,0.0898087384470715,0.220685456385457,0.0598903818374688,0.0394851559426177,0.0798376965039077,0.0300565162967066,0.130007931478978,0.116224019347582,0.348849511245875
"Patient191",0.00467166307111523,0.00226922215389309,0.00704461665778004,0.089117961966623,0.178819565224649,0.0544340183833778,0,0.00925295872669261,0.102412582410142,0,0.0701699700390968,0.0698898297433461,0.25004597354325,0.300353475789458,0.089117961966623,0.178819565224649,0.0544340183833778,0,0.00925295872669261,0.102412582410142,0.220777587343462,0.187979744033478,0.0312265067176295,0.00946575443409886,0,0.256404349754443,0.0846811351851353,0.321732326344019
"Patient189",0.0106620749348911,0.0194038161957417,0.029010974918799,0.116222016711911,0.391686893587563,0.015813920686136,0.115902247044788,0.0524850254882553,0.0977466306454707,0.0165045092426437,0.0384452442719876,0,0.451696112431491,0.48401283645907,0.116222016711911,0.391686893587563,0.015813920686136,0.115902247044788,0.0524850254882553,0.0977466306454707,0.0588369899944368,0.242592438472854,0.0198517668489491,0.0464769936649824,0.0109885489790634,0,0.0612515204987072,0.404885576122866
"Patient200",0.0197751517444706,0.0148089633129634,0.0204895182323822,0.0681614956680234,0.028121064943994,0.0380083574127252,0,0.0201931533864648,0.0830521003685643,0,0.00149553889226496,0,0.415558105876397,0.608535682307171,0.0681614956680234,0.028121064943994,0.0380083574127252,0,0.0201931533864648,0.0830521003685643,0,0,0.0266775035944829,0.0136186497989271,0,0,0,0.406547876601687
"Patient201",0.000975106610830695,0,0.00412535792591099,0.106446296080061,0.139434466234089,0,0.0284565704384554,0,0.0848801357773347,0,0.0291394345521965,0.0213624885222546,0.541113439677589,0.313042889478964,0.106446296080061,0.139434466234089,0,0.0284565704384554,0,0.0848801357773347,0,0.160780035749562,0,0,0,0.0463979569542632,0.00093092177537787,0.461771039530943
"Patient203",0.000900222131780745,0,0.0125897127798563,0.101303518049381,0.353680272669512,0.070306299588522,0,0.01045337834584,0.0914075506503903,0,0.0461466254691718,0.0550716242682896,0.501725431267232,0.494816563791044,0.101303518049381,0.353680272669512,0.070306299588522,0,0.01045337834584,0.0914075506503903,0.0351130862835218,0.130540704615248,0.00905340448182364,0.0293031999785601,0,0,0.0428755680714551,0.420367730770336
"Patient193",0.181101178154009,0.172660291701704,0.177068924146231,0.113266292550248,0.182322982019247,0.030837981636883,0.0947004459743467,0.0464434748678088,0.104011191988352,0,0.0966667768604717,0.044617647559035,0.440846074215839,0.592758067696591,0.113266292550248,0.182322982019247,0.030837981636883,0.0947004459743467,0.0464434748678088,0.104011191988352,0.0237211721867524,0.134260170414544,0.00896024807522487,0.0559836034839359,0,0,0.0963502543281219,0.40898301273058
"Patient195",0,0,0,0.110532687713898,0.286296747959964,0.0820920565438563,0,0.0622830104853297,0.0875530884917267,0.102166298760942,0.16655192823137,0.0815997112830175,0.451938838855375,0.547109361649249,0.110532687713898,0.286296747959964,0.0820920565438563,0,0.0622830104853297,0.0875530884917267,0.648375162294924,0.130505828913509,0.100711862672884,0.0621209049146703,0.119837477612395,0.583484292507686,0.126480237980958,0.365682877651142
"Patient196",0.00228079304705947,0,0,0.127152690353436,0.0118574775690638,0.056430048542659,0,0.00717410395108557,0.0934852156541451,0,0.0706489750631576,0.123712272658998,0.508980364405569,0.52482870399977,0.127152690353436,0.0118574775690638,0.056430048542659,0,0.00717410395108557,0.0934852156541451,0.495594004436274,0.0354774362318357,0.0491220459172306,0.00552326384270318,0,0.37877155092321,0.0261494398722645,0.389540753048557
"Patient197",0.0334421216115411,0.0216758987744211,0.0326736693673934,0.124893729529102,0.0760552380029439,0.0818753261056754,0,0.00968686805368553,0.104577893297595,0,0.0176965112536738,0.0750449705562919,0.586072958194212,0.546948376383138,0.124893729529102,0.0760552380029439,0.0818753261056754,0,0.00968686805368553,0.104577893297595,0.204021623806156,0.275690332538743,0,0.0078268752878708,0,0,0.0161310492464089,0.417478703040013
"Patient204",0.0409247989425716,0.034549978479142,0.0457267218256872,0.121053135176631,0.238100150083905,0.0564814150863577,0.0312282807098394,0.0357811309333821,0.101916651235317,0,0.0349674468374791,0.138620380273881,0.550631353815748,0.581765902493395,0.121053135176631,0.238100150083905,0.0564814150863577,0.0312282807098394,0.0357811309333821,0.101916651235317,0.0172521478318696,0.106391417102819,0,0.0382700971678443,0,0.142583797572128,0.0334308604881038,0.417398097133986
"Patient205",0.00327826855722734,0,0.0041529303660671,0.0783544933513553,0.0705099794845202,0.107856831422523,0,0.031768582429169,0.100233704462996,0,0.0268703783416139,0.0209201919122164,0.230451305892754,0.120800863071106,0.0783544933513553,0.0705099794845202,0.107856831422523,0,0.031768582429169,0.100233704462996,0.0677392035673266,0.147999637355799,0,0.0139733143189281,0,0,0.0164134680487124,0.359736744779234
"Patient206",0.00101978457257193,0,0.00627073321346265,0.0588834945728922,0.360363494980341,0.0254014166345397,0,0.0675053914832128,0.0837795770973518,0,0.040161675771427,0,0.43234008975302,0.522917006996914,0.0588834945728922,0.360363494980341,0.0254014166345397,0,0.0675053914832128,0.0837795770973518,0.0224235523643978,0.236602152231531,0,0.0686623236683355,0,0.102451804220592,0,0.431190438763225
