"","Epidish_BPRNACan_CD4","Epidish_BPRNACan3DProMet_CD4","Epidish_BPRNACanProMet_CD4","Epidish_CBSX_sigmatrix_HNSCC_Fig2cd_T.cells.CD4","DeconRNASeq_CBSX_sigmatrix_HNSCC_Fig2cd_T.cells.CD4","Epidish_CCLE_TIL10_T.cells.CD4","Epidish_TIL10_T.cells.CD4","CBSX__LM22__T_cells_CD4_memory_resting","CBSX__scRNA.melanoma__T_cells_CD4","CBSX__HNSCC__T_cells_CD4","CBSX__TIL10__T.cells.CD4","CBSX__CCLE.TIL10__T.cells.CD4","CBSX__CD226__CD4"
"LP.01.01",0.00323447857959298,0.00400778207333312,0.0108703842963268,0.145145971394846,0.0283794742571806,0.288487122121614,0.239008997068809,0.390475901829382,0.0908673034264804,0.118007035962595,0,0.241600843702402,0.24219762264692
"LP.01.02",0.00604241750362132,0.00335043544230266,0.0144621226508322,0.11339402844023,0.0232966626296201,0.15027029864354,0,0.35479727030777,0.0914600872871417,0.0613093214881137,0.33220767250402,0.151478335730141,0.274805589137278
"LP.01.03",0.0212618920039073,0.0198255567414813,0.0348654180356689,0.123103199106517,0.021455819870937,0.0989456097866494,0,0.250813198418941,0.153748436705528,0.116834085966598,0.243158758068133,0.273828318708409,0.217244372175762
"LP.01.04",0,0,0.00152566229337987,0.013481556120069,0,0.0406129466640295,0.096217638656494,0.208834173126167,0.0494542619920042,0.0326099732843333,0.0235505807142885,0.0278318271726042,0.292018779175847
"LP.01.08",0,0,0,0.105311965159819,0.0183178145887428,0.204035215679949,0.293547625387802,0.166873783791329,0,0.0922128939606238,0.271378528661548,0.0762773558841791,0.284032774052137
"LP.01.10",0.008904190591909,0.00707534587522017,0.0175772600011934,0.0934856782617776,0.018186801013529,0.221319867269386,0.209494552113234,0.3469332125337,0.05846799366641,0.0847200415949519,0.338380374671388,0.128634549992667,0.25959674692036
"LP.01.12",0.00701626554628,0.00349843624607375,0.0155849001401983,0.124411946668955,0.0185574616931959,0.0948414995267457,0,0.180415532516185,0.0804900918537232,0.0917936758070498,0.188683226784669,0.142585273326678,0.159215498822748
"LP.01.14",0.00675090108933947,0.00256479686558275,0.0114990115374034,0.219519744246862,0.0379578746383649,0.0915290619207134,0.0221079899932704,0.232407239960412,0.0507476510864387,0.197093317617122,0.128824078552182,0.0232983360410215,0.255946999089447
"LP.01.15",0.0455311564046596,0.04602337292151,0.0521683746737631,0.0483089712201614,0.0099253130546968,0.135248831918149,0.0974499392608588,0.240920319062325,0.0434404835192156,0.0253525132688867,0.26736938563821,0.184917628078316,0.310705325776128
"LP.01.16",0.00107086189564234,0,0.00696249158436353,0.184108888779368,0.0272649809053992,0,0,0.212901291904955,0.0529383602339339,0.163756377093023,0.0418158364635502,0.136262874819739,0.219281412207065
"LP.01.18",0.00940419808396619,0.00522296833228847,0.0109035758325484,0.14620018645855,0.0111941583727148,0,0,0.236459180118149,0.0467695291317218,0.113468792466889,0.172516822354225,0.0597605558745297,0.314503547368515
"LP.01.19",0.0245782676868509,0.0221038502576187,0.0374025689529649,0.259012525983138,0.0405138366781685,0.163758619048291,0.0115061602466079,0.434491625214531,0.0923484596064018,0.241641217447086,0.276797721782904,0.489218788146364,0.2079348122671
"LP.01.20",0,0,0.00861386578184427,0.0603389963622828,0.00947321677996883,0.128774231063872,0.0178775572112231,0.265248328931637,0,0.0489301990461166,0.339621618314866,0.403501124417348,0.192874319519304
"LP.01.22",0,0,0.00247141604144011,0,0,0.165965223838502,0.272179413972349,0.207431414450778,0,0.0485284340399592,0.265632498423439,0,0.300457475841353
"LP.01.23",0.00670785354508352,0.00392625780498915,0.0149236448222478,0.139937864942922,0.0170970344162128,0.0676486824622406,0,0.34635322661091,0,0.115234014663236,0.283075421007394,0.1236554580481,0.240029922028616
"LP.01.24",0.00882752746326533,0.00200591983494817,0.0119307574062812,0.248320706169168,0.0531279513245787,0.217871341020944,0,0.212555712747334,0.219804138583383,0.257447918557789,0.572058615901781,0.258870092228126,0.166916245898313
"LP.01.25",0.0140651636940032,0.0118043896384056,0.0213490867928852,0.162257711336669,0.0271059405752954,0.0497343375138911,0,0.304301398419206,0.112128962461202,0.0930231019886716,0.286355162439208,0.282413856319698,0.238389122703721
"LP.01.28",0.00235762433294914,0,0.00762613500050178,0.110346718118931,0.0167339048540673,0.11819380630464,0,0.225560774999569,0.0270851825397649,0.0942378018678782,0.221225038350834,0.138780859376566,0.197785401271072
"LP.01.31",0,0,0.00329765039097723,0.0386397340097401,0.00363714650468037,0.0510207210288285,0,0.201076133489335,0.00394374217756154,0.0465994813959822,0.113757332725333,0,0.28266966055918
"LP.01.32",0,0,0.00262641384789386,0.062375251757561,0.00713459014368562,0.0662086295477489,0,0.195885085833256,0.0648424083174309,0.0649261916645122,0.315625627505028,0.0337640754790348,0.314185160613294
"LP.01.34",0.0195266954707767,0.0163380243241534,0.0300999945173396,0.234221260551014,0.0305655601401154,0,0,0.426870135905402,0.109887006269898,0.228730487848146,0.0685565973464888,0,0.195930186986845
"LP.01.35",0.0459074340588823,0.0414362704721092,0.0562264831221164,0.250532192482453,0.0356940666522201,0.0865645340073439,0,0.348645987246725,0.175808207770046,0.252011526981965,0.169331017649046,0.249778546543412,0.169670178304044
"LP.01.40",0.0225318747114537,0.0237196639319324,0.0299475034555378,0.107016968779069,0.025811766463287,0,0,0.250086561718328,0.0313518473262431,0.108563172513052,0.0474836490504225,0.0178800387591047,0.291492081730488
"LP.01.42",0.00524396441938331,0.00280412005116039,0.015909458150895,0.170323904719377,0.0237333092621939,0,0,0.306837605744648,0.119412807706684,0.185931329940042,0,0.110517923896982,0.320454679461713
"LP.01.46",0.0198681139390573,0.0223014055205256,0.0239783292084483,0.124411551009508,0.0121372575606503,0.197896964255128,0.255668150182902,0.387126710051393,0.043787084720453,0.0463622309701048,0.319798663322233,0.100475543200517,0.35720933961042
"LP.01.47",0.0190470984851257,0.0152051300493133,0.0283653130505674,0.188973874601467,0.0315433347511479,0.0932491227315128,0,0.314531061331689,0.106549740647114,0.113173909148297,0.210710321235145,0.105302404783046,0.303973830092428
"LP.01.57",0.00109164327114747,0,0.00615412700302589,0.150619957645667,0.019956218124159,0.0410408154122326,0,0.308101360531577,0.0815412625682122,0.104323268287316,0.308809791873607,0.116964113126625,0.211469195062252
"LP.01.58",0.000434468640901988,0,0.00285354313748003,0.17572048573312,0.0187349167917564,0,0,0.196543433413322,0.0118585320161522,0.146658854962474,0.208559995232699,0.163443880932256,0.240654302667521
"LP.01.61",0,0,0.00465004343945172,0,0.00634133565592312,0,0,0.183176594951456,0.0385076396720529,0.00042204099075992,0,0,0.182709102653143
"LP.01.64",0.0082922420868256,0.00652796261200964,0.0150540848757064,0.129072362478824,0.0134308770944304,0,0,0.365555841639233,0,0.133631097667613,0.307946274698557,0.0484252937356362,0.239352367350013
"LP.01.66",0.017871296117178,0.0116394233566846,0.0243337555510105,0.194175757155364,0.0243116538756061,0.0238515823077829,0.0366175592113795,0.31920928306428,0.0444444581169676,0.201283425108446,0.271694816967292,0.0559464447255037,0.251262729651138
"LP.01.67",0.0344909826634954,0.0289630121351095,0.0396709212994448,0.159531175081385,0.0340332252323776,0.171851542737059,0.213433178258766,0.34597052348442,0.108871572325763,0.0884225890327057,0.359967137563653,0.118245107957868,0.279322853608537
"LP.01.68",0.00778788234655741,0.00380905553356565,0.0168961878344036,0.121880951033979,0.0241830823401379,0.169891003637758,0,0.21349440387283,0.144593078245431,0.0900251394677579,0,0.426424330144107,0.223799602007915
"Test.FFPE.01",0.0181207494017543,0.0185412569050417,0.0237482104233557,0.137176837301903,0.0359309662043288,0,0,0.252926153243675,0.0743554783425942,0.0964595256502969,0.104573666919162,0,0.186186269811276
"Test.FFPE.02",0.0120085155274207,0.00982425460307535,0.0195480492533184,0.212532828722182,0.0349537576310617,0.115559342708135,0.160431841735699,0.288433316938922,0.0901046072752658,0.176811080342429,0.218257120947965,0.115350943979196,0.247762244756604
"Test.FFPE.03",0.0226196102863796,0.0200540391314482,0.0293701072000817,0.142792806559746,0.0653375176188657,0.209615742993351,0.163444777982018,0.29341590305655,0.144302606490095,0.182190451355149,0.30531837600509,0.236394973741337,0.126210925117989
"Test.FFPE.04",0.0077228165331316,0.00490981306983775,0.0139181333178185,0.197520004488697,0.0262989307448197,0.167370892496857,0,0.246931141487864,0.0565745009917771,0.17501356503565,0,0.145645765381499,0.220138005122557
"Test.FFPE.05",0.00849951208980331,0.0120894626412651,0.0247076220770853,0.179535729498257,0.0401252208042447,0.0328752451639127,0,0.161890171559952,0.0888781833892914,0.169543921966663,0.0280381123379686,0.0683640761623875,0.221985434257467
"Test.FFPE.06",0.00603954454566222,0.00635696080530067,0.0220899608872181,0.0812478185903954,0.0143152382124687,0.0145093591068627,0.122271228581109,0.419654835834065,0,0.0768300235351336,0,0,0.163036937209506
"Test.FFPE.08",0,0,0,0.0608778087453359,0.0107853092689828,0.0906401551155013,0.199392419693858,0.240169732506097,0,0,0.419239134328902,0,0.272230441043032
"Test.FFPE.09",0,0,0,0.0886728574515783,0.0129617501408715,0.0479062806910462,0,0.196702650981837,0.0425255139639066,0.102132999374046,0.380484716279062,0.119555613079637,0.256834698847809
"Test.FFPE.10",0.00534427988444825,0.00381012563333469,0.0135220605839474,0.162559910472053,0.0254545493410546,0.166247180157628,0.130818622978425,0.213364779624378,0.0991610868847421,0.137646707209757,0.141631012340733,0.0271640587016215,0.205645577806987
"R3388_YZ_1",0.0108427359255277,0.036480755923601,0.0558388997688095,0.106218443516294,0.0159526184488644,0.361633757088051,0.218337406788417,0.473347063137067,0.0236284191789503,0.101071047535047,0.610067240118329,0.252875311139675,0.043304527574697
"R3388_YZ_2",0.0139397049181538,0.03683959638529,0.0487367022930511,0.14838977794357,0.0138346613649744,0.227571705041329,0.333941302528565,0.261697538469771,0.00552430888866637,0.147290142721406,0.350772053545558,0.223538184545984,0
"R3388_YZ_3",0,0.0109730956417216,0.0239084580722263,0.0627424639258,0.00441888827013214,0.164357513239853,0,0.318204822740276,0.0563809059637849,0.0401816751846574,0.182687419783622,0.116789701725237,0
"R3388_YZ_4",0,0.0159294684928688,0.0245609535978673,0.0693412530590486,0,0.255532713038453,0.37682759385892,0.362038742585326,0,0.0708061752691792,0.609821421302138,0.361147578307355,0.0640055384863524
"R3388_YZ_5",0.037648735662798,0.0376034909573051,0.0479609267204574,0.264153339715731,0.0418221938696036,0.440127190971492,0.58075369111269,0.447690180389218,0.135662665297215,0.270556298273245,0.461533622704165,0.505303775985473,0
"R3388_YZ_6",0.00162247590606776,0.00776088200147461,0.00904274430485788,0,0.00329434346969306,0.461428962648236,0.534593631643945,0.351403736907816,0.00595605192711285,0.0441417116238141,0.682864606560159,0.346229115835824,0
"R3388_YZ_7",0.00448505974191313,0.0259187896802307,0.0513520944788473,0.0774851523184298,0.0187672370882529,0.153780131142846,0,0.407346510655656,0.0447825227123171,0.0733348487288257,0.126924638633757,0.102882491825118,0
"R3388_YZ_9",0,0.012983868053753,0.0240559152608784,0.221202469611879,0.0272903107901995,0.026543800260326,0.118393209378563,0.39195178600459,0,0.217780117463487,0,0.139961264900801,0.0511466426152222
"R3388_YZ_10",0.00601849475097288,0.031334480558503,0.0409875432160376,0.138937832106952,0.0165957546950838,0.414300343328433,0.459654472669062,0.326405142355857,0.0549367585658358,0.0937636306629981,0.928904378782992,0.493424769888766,0
"R3388_YZ_11",0,0.0222883658815126,0.032132285135462,0.0690292994477347,0.00098714709635335,0.378616532858285,0.22638760646069,0.217725698312032,0,0.0799542912616462,0.312594366353098,0.208189841530208,0
"R3388_YZ_12",0,0,0.0029387603039983,0.0817279911332248,0.00826197697899913,0.12624083886332,0,0.182127723685877,0,0.0804537203005294,0,0.239016901227498,0
"R3388_YZ_13",0,0.0172268363020904,0.0224203850802939,0.104673589104362,0.00705811040466607,0.0719335806547142,0,0.456152689501963,0.0349112594222798,0.103158510582868,0.293468113273341,0.210348625151793,0.0696920120632466
"R3388_YZ_14",0.0110592713450969,0.0333679096261413,0.0446148397458972,0.296612657324596,0.0254002815454233,0.213586936888363,0.102042853372052,0.393278255492852,0.166384267203676,0.257040764297379,0.294639450066971,0.204337721184077,0
"R3388_YZ_15",0,0.00823076695854448,0.0158345017010905,0.0197780462097872,0,0.445518713161883,0.226448749281331,0.322511379196288,0.0177845545262244,0.0466118301315048,0.630335931359823,0.475811298732043,0.0729888628895184
"R3388_YZ_16",0.00790622448093577,0.0351715304060913,0.0537099273826872,0.289191775427768,0.0524191860638639,0.39538169075047,0.459259489813335,0.523686116178699,0.118592372024763,0.196583244605394,0.465382380596822,0.398877420291916,0
"R3388_YZ_17",0.0271268255976525,0.0290233415700631,0.0428263645439095,0.376205617103746,0.024676109643314,0.55186309858533,0.597603064489642,0.435999125000442,0.0968010057153992,0.294686764473575,0.668801830782278,0.623004861567852,0
"R3388_YZ_19",0.0105083134310019,0.0211750616135609,0.023484962842153,0.26724528787778,0.0218592024227911,0.197813150556748,0,0.318661861971491,0,0.229535005761114,0,0.241967695648121,0.0912211887050679
"R3388_YZ_20",0,0,0.00411995180342733,0,8.01370182325623e-05,0.0832231727579339,0.0230962709652417,0.255151633878662,0,0,0.0613324745760038,0.0345082898985767,0.0894541980404115
"R3388_YZ_21",0.00496871940391493,0.0294890507230139,0.0419602357630875,0.232389469728836,0.0344564648507061,0.421244598836769,0.359661405004048,0.435388234964592,0.0502973356712889,0.138596135732244,0.381314044066471,0.391532566131671,0.0690482969235628
"R3388_YZ_23",0,0.00666065510730289,0.0111411703927355,0.0521476939919109,0,0.192556988013203,0,0.404468972397553,0.0590232060341162,0.0322328774770231,0.16346960101709,0.134779556649581,0.00244370161562042
"R3388_YZ_24",0,0.0109235365849823,0.0153006717315045,0.158601008929758,0.0179027362907295,0.337853234539341,0.0472382823828472,0.368718983395281,0,0.134669522262643,0.506165379229297,0.312539836958345,0
"R3388_YZ_25",0.00364212987975677,0.00897674269782541,0.0287887771438251,0.182019290377626,0.0466617519382005,0.222329815419294,0,0.434739771602748,0.0735834359126891,0.151784568994013,0,0.17370193758323,0
"R3388_YZ_26",0,0,0,0.127222606747863,0.0345187133302375,0.114846948271794,0,0.159126043462129,0.052532109889493,0.0969217222532575,0,0.081592181577652,0
"R3388_YZ_27",0.00481559087320975,0.0297363161276089,0.049313315866628,0.301357209052471,0.0544130354018945,0.213195242534698,0,0.38421899614352,0.16617096820615,0.239555038053881,0.230399496905251,0.328219105145085,0.021243379363041
"R3388_YZ_28",0.00761158836903316,0.021043781958325,0.0296637288892182,0.209436617377375,0.0209629048664868,0.126223218428061,0.131272685438841,0.323251427204119,0.0368185902388631,0.214826060496527,0.112217149739813,0.059939684904426,0
"R3388_YZ_29",0.016418214414758,0.0441338742024185,0.0674687689394796,0.187638780453497,0.00738106946484234,0.517304566328376,0.46677897734942,0.610047442678304,0.173351933186579,0.201640859660548,0.355344953834976,0.580343243573815,0.0526294261440114
"R3388_YZ_30",0,0,0.00771442954844041,0.103203261868731,0.0143921049273634,0.112485671286287,0,0.312438733341518,0.0498743956207807,0.0936489271675082,0.0307188630086622,0.0783880524878431,0.0746342865306814
"R3388_YZ_31",0.0169445023588514,0.0431965845916649,0.0635934600158663,0.15425373054649,0.00956574494566292,0.613813187519883,0.617542679424312,0.471446640998092,0.065860365592719,0.143562898924041,0.606954834817101,0.544551716267866,0
"R3388_YZ_32",0,0.0044788644380032,0.0150346825330071,0.0458949840832828,0.00317358080460834,0.266011012267037,0,0.230638847080473,0,0.04226715610566,0,0.313301909329457,0
"R3388_YZ_33",0.00850110131176076,0.0461957726485126,0.0639143001372382,0.0320694493917812,0,0.3991242260432,0.233912334639807,0.43840854953426,0,0.0686888678967746,0,0.401859783859317,0
"R3388_YZ_34",0.00124966805854539,0.0212461630181848,0.0313771882446,0.164124611093624,0.0151207099866026,0.362176202358823,0.224346244410848,0.427364694351367,0.0869134511850131,0.161959965499653,0.560519328536237,0.290752368220085,0.00144198882608102
"R3388_YZ_35",0.0526832377655829,0.0783730529731107,0.119964886152021,0.224823172490767,0.0423025202901803,0.317257019178873,0.474938786639874,0.522250703768917,0.142109339156705,0.182684625963164,0.521281440481501,0.417451113848206,0
"R3388_YZ_36",0,0.00333433908461955,0.0173802901871764,0.0873265773916198,0.00715531890307316,0.492891501085665,0.325177588944353,0.391188712085992,0.0147019465480651,0.0911537383658652,0.490569116759783,0.620757643891841,0.0680059391723649
"R3388_YZ_37",0,0,0.0039939591235223,0.130990958157783,0.0192219645882128,0.194521026531051,0.0401585162308255,0.201627733413426,0.0451737128029236,0.116104843254378,0,0.147307350993732,0
"R3388_YZ_38",0.0152400913023126,0.0401758326554567,0.0567534789024245,0.266203245876522,0.0352069082496122,0.308078651009798,0.326559505960869,0.395044408690782,0.0806564014010753,0.182556333218861,0.583381071066197,0.555491524518555,0
"R3388_YZ_39",0.0105210572687855,0.0319218644428146,0.0364437926978744,0.192230725922854,0.0288696750694362,0.357838606801012,0.401294325634547,0.429489008968932,0.0561607829658911,0.198802731060376,0.515210983790179,0.268500622583816,0
"R3388_YZ_40",0.00329134297324474,0.0215236154773912,0.0298666362406168,0.386847389338705,0.0344415861235887,0,0,0.293129649163011,0,0.274097407172851,0,0,0
"R3388_YZ_41",0,0.000397054102693188,0.0122923209748273,0.272889851277161,0.0598352430357832,0.419082536875983,0.474825412801001,0.409696581935122,0.032663339608269,0.236870077563672,0.654952330326811,0.460138167182651,0
"R3388_YZ_42",0.00392918455319207,0.0284118345741301,0.0358581025452019,0.0889080972586296,0.00798458745134127,0.317174446544574,0.0871838943677819,0.457314283774316,0.0581097767245719,0.116663764026555,0.239520435051788,0.260613884492037,0
"R3388_YZ_43",0,0.014252948786491,0.024157470025727,0.164590367435284,0.0193975458193835,0.28279748562438,0,0.251643411219117,0,0.125572979794253,0.163676760426197,0.328695536211623,0
"R3388_YZ_44",0,0.00323072619977596,0.00560120115930267,0.163757516205528,0.0139742821579694,0.0769740575705355,0,0.225280330001942,0,0.196277592823013,0,0.125621322302003,0
"R3388_YZ_47",0,0.0269618308127786,0.033585336090852,0.166519808764767,0.023336949104414,0.37038130053553,0.0455088190842134,0.446761763130371,0,0.150478313960265,0,0.278815537250418,0.0219486733922402
"R3388_YZ_48",0,0.00449809453828837,0.0165158851516697,0.0969720401829758,0.00911808346711796,0.239155072983825,0.0866436941785457,0.431605767378921,0.0394042362026285,0.0736571817298299,0.168336442523021,0.272737532945983,0
"R3388_YZ_49",0.0120920315539673,0.0300416379549981,0.0488870249226327,0.210357495390525,0.0226591086105406,0.122467550509632,0.0514240739839706,0.430726727534582,0.101875098844454,0.127195394274999,0.504155425119332,0.258240509549381,0
"R3388_YZ_50",0.0331312714222705,0.0620369428306475,0.0626985728242878,0.307916945664552,0.0450205473312193,0.461491033108601,0.510290584320183,0.391666784299493,0.203763183811072,0.265677969611375,0.668639931089682,0.430495820926366,0
"R3388_YZ_51",0,0.0145585485345172,0.0187751723935236,0.11738164724011,0.00912399364061247,0,0,0.301016136599084,0.126283435664034,0.140465268842579,0.0607355230035894,0,0
"R3388_YZ_52",0,0.00669851833162774,0.0143658360343246,0.138750286587565,0.0202662139372121,0.106427199107839,0,0.338893481698401,0.0375048552597781,0.0825237562028548,0,0.0573496075375217,0
"R3388_YZ_54",0.0107214457069374,0.0126660009749914,0.0215407605944228,0.238569765413853,0.034385257748288,0.240740490652304,0.186053593289413,0.324438078679115,0.0647281231666914,0.186829606800729,0.512948509964471,0.250057553377955,0
"R3388_YZ_55",0.00556104405203555,0.0237854374389516,0.0266269787461906,0.287411734733329,0.0146014979858044,0.155868392153263,0.119672288292426,0.32044614236062,0.0594004509284099,0.282872258675592,0.0923970866954457,0.132286696253059,0
"R3388_YZ_57",0,0.0131278415403531,0.0201775634045104,0.0789868620475906,0.0080088398108486,0.185717103658599,0,0.353472633408316,0.0215295188853113,0.02213519704031,0,0.109681224518963,0.0594748961260191
"R3388_YZ_58",0,0.0058457941176416,0.012257643845582,0.174296285572813,0.0135440621996136,0.258059315874577,0,0.243688605362253,0,0.0714424958886727,0.0263631872013396,0,0.116153316833553
"R3388_YZ_60",0,0.0122846949754666,0.0241038403553757,0.278692945794239,0.0430586850253229,0.29947261376987,0,0.414347322996318,0,0.226222991301798,0.186247937017952,0.204254803716022,0
"R3388_YZ_61",0,0,0.00974259711199224,0.0850240578552509,0.00716727141340613,0.206361389751051,0,0.372175932992884,0.0103836009950685,0.0671218886537741,0,0.108734370537135,0
"R3388_YZ_62",0.00114800513185957,0.04062461505507,0.0545166257667191,0.0754737629689994,0.00935285966035943,0.1434498979659,0,0.274464451971542,0.0670827094421187,0.0625706396056028,0,0.0381369566748557,0
"R4163_YZ_1",0.0606004605290191,0.0951892062121985,0.0720223313497713,0.588352761769032,0.11396605254696,0.491164010964177,0.517765789706371,0.52757573058075,0.415531280714354,0.447444580756502,0.396778304743225,0.465571779474086,0
"R4163_YZ_2",0.119325584702558,0.0864242702706593,0.100373465027038,0.692809702754824,0.276930029322159,0.314852037144464,0.314065901420322,0.402926118658127,0.393468862324861,0.660174713097849,0.324047561088679,0.251727863182676,0
"R4163_YZ_3",0.0816464471940284,0.0225822616823371,0.0353852594506485,0.587867516080501,0.284257548383455,0.276073075314971,0.331601865529147,0.358161390161583,0.23989516598097,0.591000205871963,0.333541063501262,0.303074394395116,0
"R4163_YZ_5",0.0459711681997377,0.034025110278418,0.0283584367934434,0.473867763869652,0.151469998808274,0.24473620555672,0.249356189313136,0.462013335803205,0.27856871172229,0.452983802877972,0.207763872074208,0.253692259795203,0
"R4163_YZ_7",0.0334494053623357,0.0390446929908573,0.0336368703044237,0.307576043718791,0.116863772351654,0.192770186389356,0.33907715483357,0.447530401766694,0.294240461587493,0.306892361579508,0.455873302643085,0.440390296319382,0.0371141630584473
"R4163_YZ_8",0.302281760309252,0.279788981369077,0.246874475559855,0.839144260808816,0.287491458820467,0.318254705633275,0.309208204265684,0.507607600959479,0.695961790021613,0.888309835778903,0.515981017424709,0.427093194434618,0
"R4163_YZ_9",0,0.0100213890010464,0.0102941219276008,0.293890083671265,0.0569168648103428,0.198196529012539,0.103929724168369,0.243746624802202,0.183166515274029,0.18363574902107,0.162934539223155,0.16795292368527,0
"R4163_YZ_16",0,0,0,0.0982313914947297,0.0325799664985176,0.15879799364225,0,0.246299521696146,0.077414727181646,0.0850685916837941,0.0705290978745795,0.215771702013611,0
"R4163_YZ_17",0.137043410404073,0.136390563278778,0.11539045194297,0.556166466183546,0.22397898491272,0.203579102824675,0.159547494054396,0.381194806816712,0.5052174017046,0.535203381314755,0.223230473620158,0.144815230551859,0
"R4163_YZ_18",0.0535147739817288,0.0530974039496378,0.0497218048657314,0.430604778216165,0.165605726756146,0.242710928503043,0.120439637753077,0.388815526922726,0.269036733044225,0.409732868897069,0.200432663269197,0.117375727484715,0
"R4163_YZ_19",0.0557797644164874,0.0531848943957734,0.0517354977452145,0.417753829081973,0.115727491381445,0.249696723096585,0.227471733805229,0.435311731988357,0.155159382552021,0.394313078187225,0.300499317149152,0.212076480039274,0
"R4163_YZ_20",0.00358763328318295,0.0186037487590434,0.0176865270613172,0.0913705834130636,0.0594902065256549,0.132251822932886,0,0.360544299474,0.078011826367651,0.067867752734093,0.197856618236287,0.0706956403693269,0.0191360392372187
"R4163_YZ_21",0.0690098950830712,0.116858045936469,0.126315924581589,0.230101916001142,0.0759728246745547,0.403838471745394,0.364506491508033,0.348937617372622,0.167299338001131,0.215427091950532,0.503575900974424,0.425659696126168,0
"R4163_YZ_22",0.0466920038702954,0.0738861161479506,0.0857633653037394,0.262860644485761,0.074535283630916,0.216910394243269,0.250625019154374,0.425316073248609,0.103400599988544,0.212307859294351,0.234786237093919,0.196981099559652,0
"R4163_YZ_23",0.0396755868152084,0.0481779956934246,0.0423030780951459,0.327976177697517,0.124747260248791,0.119966542071105,0.13759101050828,0.342196792597262,0.151126999450097,0.333699707880144,0.235523674343756,0.124136491829959,0
"R4163_YZ_25",0.0459610173288256,0.0545979767690168,0.0529459386090624,0.295943887473466,0.122658370657687,0.13863259046417,0.204702076362381,0.429076515089677,0.121953755469977,0.273748684975038,0.201896348970898,0.0608411930155831,0
"R4163_YZ_26",0.0384993828953194,0.0729572572117033,0.0963102181509018,0.134087415136993,0.029714437192242,0.276331075147467,0.662368640575373,0.528964014233326,0.108489801749394,0.138359872068624,0.601327449713901,0.174160950338879,0
"R4163_YZ_28",0.15356260720582,0.141004586953622,0.116077003227188,0.512679725356751,0.238139511038593,0.123688594746974,0.0821896572004203,0.379642704754844,0.623799110319331,0.529537931776528,0.0459218282538837,0.163747014027158,0
