"","Quantiseq_T_cell_CD8.","DeconRNASeq_BPRNACan_CD8","DeconRNASeq_CBSX_sigmatrix_HNSCC_Fig2cd_T.cells.CD8","Epidish_CCLE_TIL10_T.cells.CD8","DeconRNASeq_CCLE_TIL10_T.cells.CD8","DeconRNASeq_CD226_CD8CD226negNoAct","DeconRNASeq_CD226_CD8CD226negPostAct","DeconRNASeq_CD226_CD8CD226plusPostAct","DeconRNASeq_TIL10_T.cells.CD8","CBSX__LM22__T_cells_CD8","CBSX__NSCLC.scRNAseq__T_cells_CD8","CBSX__scRNA.melanoma__T_cells_CD8","CBSX__CCLE.TIL10__T.cells.CD8","CBSX__CD226__CD8CD226plusNoAct","CBSX__CD226__CD8CD226plusPostAct"
"LP.01.01",0,0.047756691630203,0.0288316412412359,0,0.0297920206323117,0,0,0,0.0576470613864414,0,0,0,0,0.0251417180731016,0.0237324782574525
"LP.01.02",0,0.0295333273729347,0.046886290926827,0,0.02670109286021,0,0,0.08770710272663,0.0457934598616182,0,0.0772849284801023,0,0,0.0611667917853925,0.0681997631459433
"LP.01.03",0,0.0440800245215862,0.03210646410992,0,0.0252385804737943,0,0.10020483765698,0.0228414258103018,0.0441426515291193,0,0.0996827929770407,0,0,0.0403183598454936,0.0403344374960542
"LP.01.04",0.00259187580855067,0.00751675703033435,0.0654914350116129,0,0.0221530187929778,0,0,0.271083168617387,0.0565565590102147,0.0559887635906717,0.0742540780061185,0,0.00478441259555676,0.0511168841241707,0.0991302677398828
"LP.01.08",0,0.00956866880291494,0.0549624380974915,0,0.0264148797195301,0,0.0800956051440103,0,0.0593261522633476,0.0254866960704537,0.0613149278139853,0.0176761879360027,0,0.027989542728632,0.0287880120422536
"LP.01.10",0.01057637191209,0.0327254066944354,0.051691545504934,0,0.0274507301503647,0,0.0391305822698249,0.0659857359873354,0.0515887416625662,0,0.0959887979339223,0.0153263369926775,0.0446014775658243,0.0415975277301444,0.040839895538544
"LP.01.12",0.00466007120388919,0.0299299869334078,0.061205662326931,0.0124675816777173,0.0367787651039694,0,0.141498222467892,0,0.0518181077148932,0.0314745148245739,0.0940657607769253,0,0,0.0459677842451458,0.0247653390643091
"LP.01.14",0.0333085783237468,0.0114909487717521,0.0546060813183686,0.0474906347057215,0.00786035063800763,0,0.0276152684809467,0.161002946242109,0.0285295220299038,0.0765616843937015,0.117185915715105,0.051527398813128,0.157943011712407,0.0378987185353258,0.0491759853880579
"LP.01.15",0.0048570290659794,0.0136696430694762,0.0461022921273663,0,0.0303958419444144,0,0,0.197774752975356,0.0537658254160104,0.0363034771476991,0,0,0.019475953901088,0.0383180518238789,0.0679437571860859
"LP.01.16",0.0215861747823798,0.00739867925045251,0.0596253765709016,0.0276521176336405,0.0241059444591195,0,0.07853113204955,0.106857102317683,0.0589749394158871,0.0630570430558349,0.163707008335974,0.0340856891928905,0,0.0386299969139202,0.0531651780880118
"LP.01.18",0.0127318343265423,0.0391978496571343,0.0568643579268389,0,0.00498821159696588,0,0.0229091434328716,0.128822324354651,0.0301470305520862,0.0137265215285236,0.04395663117106,0,0.0133241485726255,0.0314230896916012,0.0584367433853002
"LP.01.19",0.00562183600239521,0.031705106857622,0.0485568415007576,0,0.0181528057092832,0,0.134311581428999,0.0139221681512178,0.0394244104248914,0,0.143923033757162,0.00298663679462688,0,0.0344450350815189,0.0578714432205787
"LP.01.20",0,0,0.0791062275381657,0,0.0292638056776576,0,0.0108296771174254,0.202515196294968,0.0606766517407313,0.00345013887932599,0.127371516244751,0.0638023020231595,0.00010782163048542,0.047743078221921,0.0675957483323131
"LP.01.22",0,0.0283445944616907,0.0785970700510889,0,0.0139965757637438,0,0,0.215104530744169,0.051966097412589,0,0,0,0,0.0304314841884266,0.0684172618337364
"LP.01.23",0,0.018506712483938,0.0634309197554481,0,0.0100284532130276,0,0.0441133817447922,0.0785969234367401,0.0384523558819403,0,0.0859615793339261,0.026499605371555,0,0.047120301603262,0.0648673052075321
"LP.01.24",0.012760979115421,0.0377990452496329,0.0414664290604886,0.0193857305130976,0.0349861775036452,0,0.134923973793662,0.0576792487204151,0.053901669116406,0.025515138154352,0.122662448601759,0,0,0.0340592856113422,0.048759940799208
"LP.01.25",0.011544133827185,0.0252295096581061,0.0468801826740963,0.00498776599612412,0.0181868677292326,0,0.0765094250383563,0.0842977070107992,0.0418528850861748,0,0.103402596350649,0,0,0.0524701728190823,0.0534594175268745
"LP.01.28",0,0.0375871929169563,0.0502138844712441,0,0.0304397739235243,0.00995368741919801,0.0968633570264656,0.056305780847625,0.0538587414075418,0.00826708833429384,0.123078342618265,0,0,0.0278863791988752,0.0319321007651825
"LP.01.31",0,0.0260381573788637,0.0772727343891363,0,0.00494417750773916,0,0,0.152161769502697,0.0330024815054622,0.0075411646097512,0.0615974917365931,0,0,0.0664975568738361,0.0563348630947223
"LP.01.32",0.00138231460920146,0.0101157812566304,0.0636306105656229,0,0.00874453068296721,0.0694777076499306,0,0.24154011789209,0.0378639068029662,0,0.0888293447687232,0,0,0.0515017428209837,0.0637567876168238
"LP.01.34",0.00612632934773305,0.00645407679521486,0.0744039194150191,0,0.0192843913699216,0,0.0576012194142368,0.142582750236397,0.0414515135535915,0,0.0940434713178139,0.00955513552368462,0.0114344451576381,0.0384966155781358,0.0713076210853042
"LP.01.35",0.0114026820988519,0.0170185236353109,0.06839343028573,0.00588182695391164,0.0304716599207523,0,0.167899013403733,0,0.0466284420589962,0,0.0563790976681906,0.00136409805170688,0,0.0157132307468661,0.045401014264441
"LP.01.40",0.0198685265761629,0.0111817692493507,0.0833120019895373,0,0.0388592036181542,0,0,0.188840501313881,0.0648136719248665,0.0186906507360324,0.119096200232869,0.0222725964237233,0,0.0632465524127565,0.0479515843624152
"LP.01.42",0.00481101476247945,0.000412304399225891,0.0741562873772029,0,0.0274405747369554,0,0,0.177638337713343,0.0407697346244988,0,0.193733239797975,0,0,0.0535122759674635,0.0788073933446094
"LP.01.46",0.00766482352467499,0.0361169916847206,0.042658692878266,0.00255969172571861,0.0179812569573186,0,0,0.225736563748603,0.0436725906608416,0.0187410918163525,0.113658585132219,0.0074853655160378,0.0172256385750101,0.0797450807630919,0.0631873305326603
"LP.01.47",0.00589082301663603,0.0430413320777591,0.0444037027664794,0,0.0164307595245172,0,0.0555620378752956,0.130744797519794,0.0372928378663987,0,0.109830504007098,0,0.00385975156628042,0.0568685381184929,0.0541266468349496
"LP.01.57",0.0204699421699645,0.034143924328689,0.0537146463320664,0.0355621724846639,0.0291110959526966,0,0.0592402073773077,0.0844100360487203,0.0515060256832519,0,0.0761671912155506,0.00393702418394246,0.0225481406877737,0.0261206060569427,0.0460031594571524
"LP.01.58",0.00292037063957627,0,0.0836317620753837,0,0.0157801409763232,0,0,0.212750322604343,0.0430666464912214,0.00029636983705582,0.055143658073621,0.0219549854076888,0,0.0320935499771434,0.0876532536046673
"LP.01.61",0,0.0531728053213349,0.0553479044933286,0,0.0264398651318839,0,0.0761418615250966,0.111919656166685,0.0491787988613483,0,0.0989389363718263,0,0,0.0399928824480968,0.0196269614925834
"LP.01.64",0.0235680439497719,0.0305808427853975,0.083248977430886,0.00299916410066033,0.00819265052107157,0,0.0402671053184219,0.228055027274163,0.0428749474104294,5.619187721127e-05,0.188540634539539,0.0692461476894432,0,0.0478046551636902,0.0715643787618632
"LP.01.66",0.0391238177765289,0.0329957748623438,0.0474449599465981,0.0469473762220703,0.0365547683074196,0,0.0572386423880468,0.116717332608886,0.0652619468327041,0,0.0841240566667132,0.039783066493419,0.0177383058811716,0.0167994027309915,0.0744484862001576
"LP.01.67",0,0.0349532545546593,0.0366150096322633,0,0.0205058490484778,0,0.102506848558197,0.0630511843395323,0.035009654114287,0,0.106119183477732,0,0,0.0641349327896997,0.05462881568551
"LP.01.68",0,0.0249841578725979,0.0318402248508566,0,0.0332066043551285,0,0.133867049680451,0.00406248390346003,0.0514224233961958,0,0.0625543488926454,0,0,0.050493763258113,0.0298403545912996
"Test.FFPE.01",0.00832318303944931,0.03466338991552,0.0533570063504861,0,0.0227894462349221,0,0,0.305232445621668,0.0426132332466267,0.110575164251579,0.161707973176366,0,0.0159758500154627,0.0708472903089817,0.104181893276733
"Test.FFPE.02",0.0301378288466536,0.0211091263720827,0.0627091073603486,0.0510250043493254,0.0502079590310087,0,0.0677959268087982,0.0728480230425742,0.0771634186473039,0.0604250439157599,0.0648858614563647,0.0621789368198666,0.0136062669741213,0.0476172122245664,0.0586935175232274
"Test.FFPE.03",0.0233610601244166,0.0271536311272528,0.0209418165315321,0.0450402661023536,0.0221104978469466,0,0.0213737622794043,0,0.060067246677537,0.090633752693087,0.0164105168313191,0,0.0108828226567245,0.0261114022677851,0.0461306727490336
"Test.FFPE.04",0.00732493570998427,0.0408659803659389,0.0599900953536991,0,0.0378795135733924,0,0.0393143063519794,0.125433537996513,0.0616908169493778,0,0.178763884697978,0,0.0346396742945341,0.0516836416947711,0.0553785425503796
"Test.FFPE.05",0.0468917566528452,0.0245593409317241,0.0570189509216899,0.113450659271413,0.0691129649561552,0,0.078454213570657,0.131832974367837,0.0894275731755271,0.0680469001459829,0.101656263780899,0.0364973196308412,0.0693046136579018,0.0387173086737411,0.07214565016095
"Test.FFPE.06",0.000567340855764712,0.0263032685420802,0.061669658422585,0,0.033040199867433,0,0.0168499496097143,0.256336993527509,0.0827274373333193,0.0356615013752704,0.0920978563677093,0.0738150680758135,0.00979875551816825,0.0500251657869014,0.0516328825778195
"Test.FFPE.08",0.00478073791065959,0.00684127479060824,0.0731439248049553,0,0.0437266823466237,0,0.0545388112006331,0.147472101562507,0.0612431822173657,0.0180359894678401,0.0851302937604113,0.0355396050421098,0.00351919498010084,0.0354918460641074,0.0652815248519737
"Test.FFPE.09",0,0.00195973978680286,0.0783726347148934,0,0.0276087679868623,0,0,0.148032914445729,0.0535367285712035,0,0.132715527094316,0,0,0.0412319590361698,0.0335572978324038
"Test.FFPE.10",0.00216233511485797,0.00695587792353519,0.0562112941761564,0,0.0196178605224092,0,0.00488190096739968,0.127009601891752,0.0417652696491239,0.0216452354614032,0.0677343337740561,0,0.00372442556338558,0.00821391813095208,0.0933441594587372
"R3388_YZ_1",0,0.0457204271016389,0.0410592315653886,0,0.039285547007473,0.0827017184587454,0.118306599171329,0.0589417218361076,0.0583370435034904,0,0.179105091645201,0,0,0.0598267879941777,0.0761116904165175
"R3388_YZ_2",0.0253138406395817,0.0332581602326337,0.0565897163268691,0.027678164199465,0.0558100817039006,0,0.125109436721883,0,0.068935942291646,0.057217577821739,0.109060179800591,0.0289772403582318,0.0180391439610287,0.0382237202282383,0.0265724194959208
"R3388_YZ_3",0,0.0221523524022502,0.0459691168376974,0,0.0279741831051112,0.0850580924018962,0.099713445292986,0.0603991211640755,0.0463780056906737,0,0.166032435654649,0,0,0.0409223841148968,0.058497023859213
"R3388_YZ_4",0.0110511327556857,0.0306603072966883,0.0401739539841342,0.00915813362983341,0.0185973529460961,0,0.0807811730297449,0.0379187197790886,0.0615294616003926,0.0529129214165079,0.101090574870871,0,0.0382559231980802,0.0757622555372577,0.0787217254299875
"R3388_YZ_5",0.0319933618596702,0.0444858622317157,0.0485733173994282,0.0458056056129312,0.0451368927232138,0.0281872207126788,0.190195956888293,0.125962518423066,0.0835720288459324,0.0378748493400539,0.0186051590916735,0,0.0533161164060736,0.076622120625935,0.113710732074808
"R3388_YZ_6",0,0.0329638365276981,0.0595288887610979,0,0.0473898593067416,0,0.0423076626120606,0.0925219099474324,0.0655471943075499,0,0,0,0,0.0889541229491995,0.0819498501675596
"R3388_YZ_7",0.0119484244680813,0.0279584389812776,0.0370821002514628,0.0113592931729102,0.0377742156410646,0.0706471753295927,0.131705770580596,0.0323680824855468,0.0505518017434939,0.0384352983153805,0.222680028654594,0,0.00241497651072098,0.0477988390331552,0.0515178430134991
"R3388_YZ_9",0.0313299322711598,0.0100580617340669,0.0534435926258869,0,0.0318597818310997,0,0.0976163258707023,0.105836815327565,0.0569371869660439,0,0.228234777795087,0.056504334851065,0.0220160204489391,0.0344650854001216,0.0937784601436102
"R3388_YZ_10",0.0070876747626988,0.029474290338955,0.0488968867319011,0,0.0334324662398481,0.0765523701949023,0.132075845095403,0.0416327118006581,0.0560938957052918,0.0354936611115491,0,0,0.00337518866103263,0.0468440212577638,0.0712088181288434
"R3388_YZ_11",0,0.0241063189867858,0.0536344010353918,0,0.0233942660349233,0,0.0377468846826904,0.144011582137178,0.0604896899098726,0,0,0,0,0.101042920053545,0.0973810503486721
"R3388_YZ_12",0,0.0129083518764847,0.0727434149200424,0,0.0201394786370461,0.0829421257942908,0.0405222165535916,0.0885794112889295,0.0294454919112478,0.0119136058896679,0.00857828931804399,0.0303686318740511,0.00608609611973327,0.0216625466324569,0.0365698505683271
"R3388_YZ_13",0.0100864290535722,0.0314412612373574,0.0500682799726884,0,0.0182037435836229,0,0.102114144479477,0.0927276523673912,0.051806182486585,0,0,0,0,0.0366304159144816,0.0597126633279904
"R3388_YZ_14",0.0310176459452681,0.0387017940193462,0.0575175370064118,0.035303183754462,0.0276571231021486,0,0.075940781402642,0,0.0598744139256196,0.0740141371389743,0.0783091755763925,0,0.0319132784973257,0.0148974208132483,0.0802724395189621
"R3388_YZ_15",0,0.0361213925610389,0.0487538413970208,0,0.0397417739698457,0,0.0685697341436194,0.0602482074327091,0.0654017060109775,0,0,0,0,0.0305450273542402,0.0620798030238997
"R3388_YZ_16",0.00250336709539832,0.0374023641754494,0.0302119492381864,0,0.0386898009240748,0.0568768930270391,0.135054501308679,0.0224565177389153,0.0596043300619645,0,0.113161915796385,0,0.0183154305658759,0.0241614028624101,0.0535031171883793
"R3388_YZ_17",0.00341089517351101,0.0112830255503505,0.0699032088481116,0,0.0419998731802611,0.0429836049922322,0.136877274320017,0.0834921509263643,0.0601480553250667,0,0.121526845940376,0,0,0.00858968556929897,0.0759231416196174
"R3388_YZ_19",0.00535013337640021,0.00341826010912089,0.0607940670042041,0,0.0317576297926912,0.0618159826633619,0.0502153593400833,0.196566755818032,0.0568500333228246,0.0486200535695529,0,0.024065403664595,0,0.040256967865816,0.114107725633801
"R3388_YZ_20",0,0,0.0723444852628889,0,0.0255677930965428,0.0456170158061542,0.00157934986441948,0.199578106920453,0.0541129459881532,0,0,0.00040488224553045,0.00021301595128178,0.0367686713545182,0.0858713890480005
"R3388_YZ_21",0.00711829103062574,0.0448681123030275,0.0413336474472438,0.000840663185938953,0.0299802611437065,0,0.0890078433220271,0,0.050764564137855,0.0355586525244479,0,0,0.0390532933665631,0.00301446808751866,0.0589849544811401
"R3388_YZ_23",0,0.0349871012410435,0.0319429495069293,0,0.00668695938701012,0.0132971272447255,0.0662618389610044,0.101108183512714,0.0266587369235287,0,0.220208195514539,0,0,0.0717128324688195,0.123444894142622
"R3388_YZ_24",0,0.0264420096207158,0.034179912658241,0,0.0334946341034812,0.0182633294313285,0.103170193716795,0.0316105402673292,0.0831582332713806,0,0.0973581315916168,0,0,0.0288569125059189,0.06408545485158
"R3388_YZ_25",0.00492283948846297,0.0226888364351571,0.0366568310971036,0,0.0323669264876789,0.0873323718551579,0.13082903268881,0.0146733318025996,0.045633575861911,0,0.318234630582863,0,0,0.0219300921590258,0.0475244635355496
"R3388_YZ_26",0,0,0.0507537706006497,0,0.0241999915281387,0.0195485563514088,0.0601248968981057,0,0.0399222194250564,0,0.106739676281941,0,0,0.0213673129534569,0.0342210181852543
"R3388_YZ_27",0.00212534731276628,0.0308949526657885,0.027123512292636,0,0.0451880728692579,0,0.144004597411908,0.0558287937020689,0.064898776890761,0,0.0700969987491354,0,0,0.0572714870848028,0.107842471122389
"R3388_YZ_28",0.0491121124843677,0.0150137826686915,0.0604405055440161,0.0375360475500519,0.0339176950549559,0,0.116073343585037,0,0.0611128173901628,0.0084634668810512,0,0.0207720769730033,0.00902418774989348,0.0542020542508078,0.0515131995666912
"R3388_YZ_29",0.00225232889184497,0.0310828840382618,0.0228325689986469,0,0.0420019763700391,0,0.0592874558889942,0.313656957024848,0.0897574329895304,0,0,0,0,0.0441521761849888,0.0776350938255245
"R3388_YZ_30",0.00915482838149197,0,0.0614087694997223,0,0.0087706069158731,0,0.0715598086357974,0.074504259277217,0.0748017197334868,0,0,0,0,0.0414434519400294,0.0441731736025218
"R3388_YZ_31",0.0147377649980817,0.0107909434044023,0.0758936438924518,0,0.0697106122172555,0.0941402082735008,0.115484692658449,0.114317685192089,0.0910227364373996,0.0120711329468631,0.203850195509466,0,0.00929221207590386,0.0486417796054835,0.0740501963102502
"R3388_YZ_32",0,0.0210750099987295,0.0500889377976692,0,0.0324292397632123,0.00241482744881971,0.0894814160119475,0.0996301749920046,0.0490797408766563,0,0,0,0,0.0401910558871547,0.0738970783932584
"R3388_YZ_33",0,0.0207762652156164,0.0588089127429257,0,0.0499955023856336,0.0621936748649236,0.0682695059195039,0.139756192628189,0.0701515086648938,0,0,0,0,0.0424250976270242,0.0673700923831285
"R3388_YZ_34",0.00817074812686713,0.0208885434389463,0.0441063734382823,0,0.0265093134369955,0,0.0810259726280829,0,0.0480322945270807,0.028413738607527,0,0,0.0140756253450935,0.0192818639134182,0.0686740709900189
"R3388_YZ_35",0.0459971935152856,0.0265375106916193,0.0677390328408282,0.046186830405415,0.0577783747038396,0.055242577024201,0.197649586675006,0,0.073593426779536,0,0,0.0160317417823612,0.0336318174057439,0.052889150787149,0.0545883348159848
"R3388_YZ_36",0.00110388760105252,0.0253396956636641,0.0698831552354431,0,0.0307909676585919,0.0282951743571463,0,0.179900303752448,0.0525161811819106,0,0.113355390065826,0,0,0.0594392360727545,0.0812042630052626
"R3388_YZ_37",0.00691432202518299,0.00742981376604123,0.0494786577035045,0,0.0206726770312685,0.0585745778665374,0.0805971705735247,0,0.0388456094383453,0.00791521693370339,0.174028270409401,0,0.00785238223483902,0.0324256973866978,0.0312133912677259
"R3388_YZ_38",0.0181297712525385,0.0351373197494614,0.0393249618492298,0.0126331016379817,0.0448583031440737,0,0.125404992491704,0.0403178066634175,0.063039932453134,0.0427344673274079,0.156246737405945,0.0455658557150561,0.0195331275093778,0.0353414386187846,0.0725317044424567
"R3388_YZ_39",0.0138153028967269,0.0383054247259719,0.0463097220597181,0,0.0288688815519515,0,0.122692355493106,0.0430875460189754,0.0475991511972592,0.00533097512225754,0.191004611841527,0,0.00155691642890154,0.069506234703248,0.0914645557697306
"R3388_YZ_40",0.023507586605238,0.0236366415845741,0.0507227211232564,0,0.0223857636411586,0,0.0419337889583072,0.150272823042599,0.0835252255555965,0.0626118933091522,0,0.0100522269777975,0,0.0569351108857408,0.0940073132491733
"R3388_YZ_41",0.0230293171968123,0.0362967610568424,0.0447226547081283,0.031120483192697,0.0357667369905997,0.0253076313275993,0.174121487723819,0,0.056143513753037,0.0194207757472215,0.120122977537786,0.0432338060738921,0.0155807978153023,0.0575612377478356,0.0635093832445333
"R3388_YZ_42",0,0.0297580355489371,0.0556706679419635,0,0.00875990665487547,0,0.0780296614879498,0.171869888757183,0.0457043308496485,0,0,0,0,0.0786062318034754,0.0863862066141907
"R3388_YZ_43",0.00133825069943527,0.028352575934666,0.037429034518265,0,0.0200378824066458,0.00545762154088201,0.0904192770966606,0.10095630703111,0.0619640054444939,0.0111880630413009,0,0,0,0.0689322189592636,0.0572991800853061
"R3388_YZ_44",0.0128499472593549,0.000322344771578414,0.0537264632859559,0,0,0,0.0488669778290977,0.115158668321135,0.0246201637183429,0.0331041839424467,0,0.0381600202343475,0.0107855899794803,0.0456467745875445,0.0982556162292526
"R3388_YZ_47",0,0.0205077817212462,0.0515611644052566,0,0.0366428733993489,0,0.0183340704259335,0.129471345549071,0.0579873373656911,0,0.100352347473597,0,0,0.0796537353368486,0.0776533427328377
"R3388_YZ_48",0.000229375592572628,0,0.0743296041367922,0,0.0311008115366997,0.0995307721117818,0.0582267819466493,0.166899160146105,0.0523182316938006,0,0,0,0,0.0595423019692694,0.126224075778758
"R3388_YZ_49",0.0339194741163393,0.0366701705925462,0.0560632695545454,0.0867262117967026,0.0346489882964819,0.0161573064024975,0.177840131080421,0.051510952292323,0.0591869438085227,0.0469830716443294,0.184924742766491,0.0344588287477712,0.0392529172403785,0.0686577309339825,0.0740233054072312
"R3388_YZ_50",0.00571275905438432,0.0350636635054128,0.0336676671811298,0,0.0238291344229939,0,0.110397988762856,0,0.0969478560289506,0.00039149401885172,0,0,0,0.0451740969222494,0.0456410390375262
"R3388_YZ_51",0.0101992611501732,0.0200147197415982,0.0477983671100383,0,0.0121437988195692,0,0.0719795452632132,0.11889778248206,0.0524801144106639,0.0744046251469219,0.161600569088865,0,0.0102415686328904,0.0533297393852418,0.108130852081095
"R3388_YZ_52",0.0134223132031137,0.0151927490067777,0.0492293616399816,0,0.0246751726301103,0,0.0967491679567038,0,0.0485898143013743,0.00935975500778523,0.0996148835030492,0,0.00106633132385941,0.0314402926959711,0.0390611829504508
"R3388_YZ_54",0.0159109194366827,0.0302328116101553,0.0558223447243806,0.015708733024989,0.0246425692932699,0.0847360830146952,0.0996419510282056,0.0523633843764808,0.050360499629428,0.0549379360404586,0.0734633857689001,0,0.00968600025706721,0.0740275463591072,0.059904614325936
"R3388_YZ_55",0.0155131283493447,0.0128443669023621,0.0684123065475138,0,0.0262108683308737,0,0.0619689903773975,0.187039401946449,0.0530336076881216,0.00765165913718257,0,0,0,0.0905135659892632,0.0922315436704574
"R3388_YZ_57",0,0.00509256386223407,0.0456179091352506,0,0.0198986412146284,0,0.0672636008241088,0.0872802727310781,0.0411986026880057,0,0,0,0,0.0287486384377173,0.0999840419633614
"R3388_YZ_58",0,0.012289554585605,0.0557830440245295,0,0.0511066784969142,0.036224888017298,0.014321585362134,0.223993823137128,0.0741476108939165,0.0422819122796524,0.168408739265522,0,0.0252818662658496,0.0385111255365297,0.168922234170269
"R3388_YZ_60",0.0010900404908476,0.0188154401364029,0.0418740530110627,0,0.0381748160685248,0,0.130158876666002,0.0113329562335886,0.0520624422246757,0,0,0.0272925898585633,0.00888649309177832,0.0672438007672991,0.0474174319964553
"R3388_YZ_61",0,0.000936268331610174,0.0684001664341851,0,0.0367616822934135,0.0244376560839314,0.0924868456254031,0.0324745829476133,0.0874888048932579,0.00962436886902598,0,0.00037566374820586,0,0.0450057207115064,0.0503112719227386
"R3388_YZ_62",0,0.0525372048543254,0.0479345027906029,0,0.0492541418530255,0,0.107431225686845,0,0.0650994435661886,0.043213030874217,0.220164280592153,0,0,0.11374131539653,0.0334939451013685
"R4163_YZ_1",0.0296945807314584,0.0775247135569236,0.0294620610830001,0.0320602891342741,0.0404373862130572,0,0.128471902141726,0,0.0541932063242668,0,0.0439195912478434,0,0.0145216877626777,0,0.00638354780179129
"R4163_YZ_2",0.110452968694179,0.0675315838802423,0.0294797160221562,0.0410558923744565,0.0787072173707426,0.196282946707133,0.0818901401232301,0,0.103732089278297,0.100427148963209,0.15405404113454,0,0.0785227476326625,0,0
"R4163_YZ_3",0.0990439690816697,0.0718021865567692,0.0210353706561968,0.0321419536435903,0.0683694505036906,0,0.114037464576711,0,0.0853894935724684,0.116634243623453,0.0455756638130659,0,0.0282708528534938,0,0.0517151961983046
"R4163_YZ_5",0.0060727289989662,0.0400003209400292,0,0,0,0,0.00220981871675565,0,0.0482161631224663,0.0181867378397808,0.121906045964971,0,0,0,0.0173142709997972
"R4163_YZ_7",0.0162591470500881,0.047828856601836,0,0.00317042402178771,0.0351297379777539,0.0157990463854727,0.0966256755678379,0,0.0493557665714459,0,0,0,0.00199343099654023,4.268883633872e-05,0.0563630474051925
"R4163_YZ_8",0.0732338475915579,0.118026666189905,0.0889252951523162,0.142025875445612,0.062259341619665,0.389343065557165,0.130362000567263,0,0.0613844769306382,0,0.108164189788542,0,0.0171881594003755,0,0
"R4163_YZ_9",0.0139832377573316,0.0187793353503405,0.0209139650455922,0,0.0268276552102694,0,0,0,0.0415764865546876,0.0363467745976097,0.0247036328209891,0,0,0.00012587948181372,0.0136104228055421
"R4163_YZ_16",0,0.032884594964746,0.00632786586492804,0,0.00555296101000986,0,0.0276802080991187,0,0.025961124570674,0,0.189779288115575,0,0,0,0.0137394731774884
"R4163_YZ_17",0.217387908055362,0.0891927018686925,0.0839992632034765,0.0564281482119284,0.128861099908052,0.232228909058827,0.0612741552277439,0,0.146561239250288,0.138165627230422,0.437609561021116,0,0.0484840937558091,0,0
"R4163_YZ_18",0.173360258436366,0.084916936822884,0.106565870606137,0.0421081642436406,0.0885600911313675,0.172291499033181,0.0498078504031532,0,0.102503080937786,0.0933431210373335,0.389203435527243,0.0626290455263191,0.0445468711357726,0,0.0123803934673364
"R4163_YZ_19",0.071200370993982,0.0547234709542611,0.0704921409894475,0.0319137173389223,0.0362602929902268,0.18967858049144,0.0036294699869996,0,0.0562473466838348,0,0.0750769881711688,0,0.132476521556943,0,0.00911365756974558
"R4163_YZ_20",0,0.0215085396044833,0.0168376604486169,0,0.00865403391889961,0.102217442878044,0,0,0.0267542142516319,0,0.128258280087963,0,0,0,0.0301640225215296
"R4163_YZ_21",0.102265463455988,0.0439417063580164,0.0590438453731423,0.0374725546794809,0.0917183557730423,0.21770099182106,0.063007577456741,0,0.107003788356428,0.076399862175104,0.246392866942872,0,0.0181092466272216,0,0.00593420394736279
"R4163_YZ_22",0.0426612126273943,0.0389589474681971,0.044530674498769,0.0227468033646136,0.0506501458580953,0.176832317840678,0.0647643114172044,0,0.0660005746900974,0.0815310831477601,0.124210513025068,0,0.0555444144205077,0,0.0268146245523975
"R4163_YZ_23",0.0491950079323298,0.0375059424286982,0.0485559307795862,0.0308019996739301,0.0416199330780726,0.0573691660314532,0.0550330541622382,0,0.0565964006075669,0.0922644633793423,0.141930987642849,0.0301143786509434,0,0,0.0158195384299564
"R4163_YZ_25",0.0424751861293602,0.0365029710792719,0.0322045438516818,0.0188892649053804,0.0483897217378916,0.0257207180039194,0.0307365160383297,0,0.0784799202518056,0,0.105870171248072,0,0,0,0.0154541160391311
"R4163_YZ_26",0.00703896713018282,0.0274420261737946,0.0546352947860823,0.005771936548001,0.0489834851101885,0.217208594564656,0.0943459416875331,0,0.0692310506563684,0.0475759114351804,0.0145383534818282,0,0.0576869788754896,0.0254318730325432,0.0531422292930947
"R4163_YZ_28",0.165489110363217,0.0984267558086707,0.116184167930899,0.0381918166400715,0.113810250017118,0.206092804318302,0.190708027320183,0,0.124466171848742,0.0957990108741858,0.189415750201002,0.0372573469768728,0.033438195002364,0,0.0494430933369682
