"","Epidish_CBSX_sigmatrix_HNSCC_Fig2cd_Dendritic.cells","DeconRNASeq_CBSX_sigmatrix_HNSCC_Fig2cd_Dendritic.cells","Epidish_CCLE_TIL10_Dendritic.cells","Epidish_TIL10_Dendritic.cells","DeconRNASeq_TIL10_Dendritic.cells","CBSX__LM22__Dendritic_cells_activated","CBSX__HNSCC__Dendritic_cells","CBSX__TIL10__Dendritic.cells","CBSX__CCLE.TIL10__Dendritic.cells"
"J1_p1_rep1_B",0,0.0397723572746756,0,0,0.0161412377817258,0.0091038644651,0,0,0.00060180663593605
"J1_p1_rep2_B",0,0.0378324957069952,0,0,0.0165213050421212,0.008965803431514,0,0,0.0011176883958353
"J4_p1_rep1_B",0,0.0486738467192338,0,0,0.0085266469547024,0.0153405449477055,0,0.0063564729212722,0.0080372627077446
"J4_p1_rep2_B",0,0.0477921380135306,0.00082186892449212,0,0.0081900100146157,0.0151535103761228,0,0.0019714175626978,0.0086048597462943
"J8_p1_rep1_B",0,0.0474525533273269,0,0,0.0014139734816319,0.0131153325545673,0,0,0
"J8_p1_rep2_B",0.0111431273592516,0.0405559903602086,0,0,0,0.0103459186455304,4.773414975176e-05,0,0
"J11_p1_rep1_B",0.0089932617755081,0.0414156800508318,0,0,0.0038010626980743,0.0180022599950859,0,0,0
"J11_p1_rep2_B",0.0123079674374623,0.0418081112465326,0,0,0.0042171125796411,0.0179130965530091,0,0,0.0017989131046512
"J14_p1_rep1_B",0,0.0310904166167517,0,0,0.0034344071514093,0.0059705572483065,0,0,0
"J14_p1_rep2_B",0,0.0351229530001182,0,0,0.0057568071086833,0.006751942383147,0,0,0.0010217177737294
"J1_p2_rep1_B",0,0,0.0115519247947966,0.0158692476235358,0.0170642669758845,0.0146246170461325,0,0.0052993750363667,0.0032936952988447
"J1_p2_rep2_B",0,0,0.0130959011126562,0.0169775921254963,0.0149049285067432,0.0145124096218465,1.06753237488e-05,0.0035522869254918,0.0062764118605821
"J4_p2_rep1_B",0,0.0011402757606905,0.0068364223229909,0.0170948726378822,0.0033878606462075,0.018571772134409,0,0.0195081916025955,0.00082467884697022
"J4_p2_rep2_B",0,0.0161978010591203,0.0067251297127473,0.0122080574173798,0.0103542777896792,0.0201968480945249,0,0.0115825841913907,0.0072869101056233
"J8_p2_rep1_B",0,0,0.0104894941824592,0.0181255959260462,0.0036836812542792,0.0153165216775427,0,0.0166084050337251,0.0088896639409855
"J8_p2_rep2_B",0,0.0057606931702111,0.0121507222723315,0.0178018552542786,0.0081595367914738,0.0138306416930263,0,0.0348606680148159,0.0058206485183591
"J11_p2_rep1_B",0.0323279443287045,0.0155451099737677,0.0370623770288791,0.033788972842359,0.0061743387887059,0.0165937792132709,0.00089634507734466,0.0162839886120496,0.0057584563335302
"J11_p2_rep2_B",0.0092392762973973,0.0044537241845326,0.0218779483111671,0.0234417532948506,0.0043342891905864,0.0137351476738757,0,0.0161639895389604,0.0172883511072453
"J14_p2_rep1_B",0.0192640198565981,0.0108927759482908,0.023222974851393,0.0146796127091253,0.001959221579147,0.0154897803015401,0,0.0049581492236697,0.0035986238685708
"J14_p2_rep2_B",0.0359513365785555,0.0271294184969639,0.0012658541237272,0,0.00097158847320757,0.0099838749960773,0.0044508861714996,0,0.0018248677447367
"J1_p3_rep1_B",0,0.0219041235610815,0.0071050656225467,0.0016341165153576,0.00075944440645486,0.0118005673814144,0,0,0
"J1_p3_rep2_B",0,0.023178753484615,0.0021601182100619,0,0,0.0128371912569525,0,0,0
"J4_p3_rep1_B",0,0.0241308457923819,0,0.00046646850366322,0.0037682673089913,0.0119560204884699,0,0,0
"J4_p3_rep2_B",0.0040474856640533,0.0228523513377446,0,0.00059978284615737,0.0058973719863988,0.0114246101479074,0,0,0
"J8_p3_rep1_B",0.0051522317367601,0.0276513198828474,0,0,0.0049380957460885,0.0120063444102647,0,0,0
"J8_p3_rep2_B",0.0076437441801907,0.0241521926961069,0,0,0.005295041945043,0.0107237256644479,0,0,0
"J11_p3_rep1_B",0.0051164667104368,0.0236228316548678,0.0038772604771941,0,0.0037067275949572,0.0119414069528344,0,0,0
"J11_p3_rep2_B",0.003346148200801,0.0239659705404114,0.0092664929062738,0,0.006586315585442,0.0119884208799285,0,0,0
"J14_p3_rep1_B",0,0.0179228153604923,0.0018243516170512,0,0.00088752367729863,0.0114851433312199,0,0.0041069589023073,0
"J14_p3_rep2_B",0.0041452177523015,0.0198512206547422,0.0041144185158586,0,0.0046736746076468,0.0112045202319585,0,0.00617165479921,0
"J1_p1_rep1_hetero",0,0,0,0,0,0.0039246683420822,0,0,0
"J2_p1_rep1_hetero",0.0033875031858926,0,0,0,0,0.007636909386916,0.0031729242183782,0,0
"J3_p1_rep1_hetero",0.0095117527620284,0,0,0,0,0.0080258333635834,0.0070652012498082,0,0
"J4_p1_rep1_hetero",0,0,0,0,0,0,0,0,0
"J5_p1_rep1_hetero",0,0,0,0,0,0.0063130244404145,0,0,0
"J6_p1_rep1_hetero",0,0,0,0,0,0.0069782584757881,0,0,0
"J7_p1_rep1_hetero",0,0,0,0,0,0.007345725190498,0,0,0
"J8_p1_rep1_hetero",0,0,0,0,0,0.0048654545030445,0,0,0
"J9_p1_rep1_hetero",0,0,0,0,0,0.0080644490211308,0,0,0
"J11_p1_rep1_hetero",0,0,0,0,0,0.0067965969010223,0,0,0
"J13_p1_rep1_hetero",0,0,0,0,0,0.0077579593306365,0,0,0
"J1_p1_rep2_hetero",0,0,0,0,0,0.0028322823864336,0,0,0
"J2_p1_rep2_hetero",0.0042172012922328,0,0,0,0,0.0075690116432774,0.001750532176301,0,0
"J3_p1_rep2_hetero",0.015706096548844,0,0,0,0,0.005038031645134,0.012435022110752,0,0
"J4_p1_rep2_hetero",0,0,0,0,0,0.0069379236907837,0,0,0
"J5_p1_rep2_hetero",0,0,0,0,0,0.0066284341069526,0,0,0
"J6_p1_rep2_hetero",0,0,0,0,0,0.0059143533676136,0,0,0
"J7_p1_rep2_hetero",0,0,0,0,0,0.0075986266438217,0,0,0
"J8_p1_rep2_hetero",0,0,0,0,0,0.0074245081266402,0,0,0
"J9_p1_rep2_hetero",0,0,0,0,0,0.0076590886608288,9.700069295158e-05,0,0
"J11_p1_rep2_hetero",0,0,0,0,0,0.0069978445521203,0,0,0
"J13_p1_rep2_hetero",0,0,0,0,0,0.006890012023517,0,0,0
"J1_p2_rep1_hetero",0,0,0,0,0,0,0,0,0
"J2_p2_rep1_hetero",0.0171664553207945,0,0,0,0,0,0.0010482288652088,0,0
"J3_p2_rep1_hetero",0,0,0,0,0,0,0.0002258825466576,0,0
"J4_p2_rep1_hetero",0,0,0,0,0,0.0006468038093776,0.0008771972591122,0,0
"J5_p2_rep1_hetero",0,0,0,0,0,0.003164818025798,0.0030293633340126,0,0
"J6_p2_rep1_hetero",0.0041129885284851,0,0,0,0,0.008919532657672,0.0035747496375505,0,0
"J7_p2_rep1_hetero",0.0217727957744702,0,0,0,0,0,0.0085230582780707,0,0
"J8_p2_rep1_hetero",0.0344181150038925,0,0,0,0,0,0.0151572041676636,0,0
"J9_p2_rep1_hetero",0.0265627587289912,0,0,0,0,0,0.0280985405608937,0,0
"J10_p2_rep1_hetero",0.0294417963834939,0,0,0,0,0.0062696768721635,0.0167570497308371,0,0
"J11_p2_rep1_hetero",0.0181610536721636,0,0,0,0,0,0.0096532196719755,0,0
"J12_p2_rep1_hetero",0.0091037633402838,0,0,0,0,0,0.0010955186420299,0,0
"J13_p2_rep1_hetero",0.0240660583866838,0,0,0,0,0,0.0212864436549819,0,0
"J1_p2_rep2_hetero",0,0,0,0,0,0,0,0,0
"J2_p2_rep2_hetero",0.0239932556382392,0,0,0,0,0,0.0007729319859967,0,0
"J3_p2_rep2_hetero",0,0,0,0,0,0,0.0001166275242293,0,0
"J4_p2_rep2_hetero",0,0,0,0,0,0.0049766476906487,0.0005834766102754,0,0
"J5_p2_rep2_hetero",0.0029268463614963,0,0,0,0,0.0074047863519836,0.0070678838788681,0,0
"J6_p2_rep2_hetero",0.0038102813155461,0,0,0,0,0.0111896008939646,0.0007499961156412,0,0
"J7_p2_rep2_hetero",0.0231502893118841,0,0,0,0,0,0.0101960353141581,0,0
"J8_p2_rep2_hetero",0.0297151849438928,0,0,0,0,0,0.0076108071801175,0,0
"J9_p2_rep2_hetero",0.0242804791891368,0,0,0,0,0,0.0262914693594304,0,0
"J10_p2_rep2_hetero",0.0346102726189919,0,0,0,0,0.0072399653093423,0.0225156901990025,0,0
"J11_p2_rep2_hetero",0.0189818950575929,0,0,0,0,0,0.0197439381672573,0,0
"J12_p2_rep2_hetero",0.009856902232433,0,0,0,0,0,0.0007301923988179,0,0
"J13_p2_rep2_hetero",0.0269886358775305,0,0,0,0,0,0.0262309773847658,0,0
"J1_p1_rep1_auto",0,0.042563472580102,0,0,0.0197057184533722,0.0057141512783666,0,0,0.0065323564927221
"J1_p1_rep2_auto",0,0.0384289069658668,0,0,0.0113928612047922,0.0019437170360029,0,0,0.0045353313980432
"J4_p1_rep1_auto",0,0.0468984293560825,0,0,0.0014835582078478,0.0050153086101133,0,0.0331320528127167,0.0069580739024619
"J4_p1_rep2_auto",0,0.0449836102039699,0,0,0.0014680643496365,0.0080885028467281,0.002227637791396,0.0039720168912192,0.0069621927318791
"J8_p1_rep1_auto",0,0.0444396070569941,0,0,0.0010425182120416,0.0050641664281127,0.006496976911003,0.0183014015964801,0
"J8_p1_rep2_auto",0,0.0431864286465505,0,0,0,0.0056359966380264,0.0118329067282153,0,0
"J11_p1_rep1_auto",0.0078560061683254,0.0441417731760584,0,0,0.0018581513879197,0.002396429297989,0.0052611813074209,0,0
"J11_p1_rep2_auto",0.0157247310885042,0.0368207102558826,0,0,0.00017924623729728,0.0050432289264342,0.00042652745566128,0,0
"J14_p1_rep1_auto",0.00055579055548064,0.043338552458412,0,0,0,0.0069540484680156,0,0,0
"J14_p1_rep2_auto",0,0.0415066161178106,0,0,0,0.0049093211370881,0,0,0
"J1_p2_rep1_auto",0,0,0,0.0057526399157205,0.0131212491742016,0.0138785670073108,0,0.0075968230673386,0.0100469925560371
"J1_p2_rep2_auto",0,0,0.0010496427969912,0.0116209157059257,0.0162431004339432,0.013578230101132,0,0.0079204770528443,0.0103582441199245
"J4_p2_rep1_auto",0,0.0030258414585907,0.006050687057163,0.0122605414069838,0.0069338645820459,0.0145563521677038,0,0.0101739961359061,0.0086256927106887
"J4_p2_rep2_auto",0,0,0,0.0101880791662455,0.0038758661577575,0.0158149316749376,0,0.0066313731189495,0.0022447705335432
"J8_p2_rep1_auto",0.0024059689541273,0.0176950877380052,0.0113653101501852,0.012490624385103,0.0063715699244287,0.0157684034674298,0.00027349086116806,0.0075424363729796,0.0249036090335802
"J8_p2_rep2_auto",0,0.012352873137873,0.0116210962637099,0.0113834533373222,0.0059682761052812,0.0151817417855335,0,0.0086966791374126,0.0055082759769699
"J11_p2_rep1_auto",0.008158172373433,0.002338976009358,0.0059503549395304,0.0081939446338023,0.0022789541031529,0.0116228307243598,0.0012948830409723,0.0064565857669361,0.00044960606584246
"J11_p2_rep2_auto",0,0,0.0103030635539345,0.0084821856578978,0.00074157148026715,0.0136554216448534,0.00029741453182218,0.0078623957826661,0.0023820668046152
"J14_p2_rep1_auto",0,0.0060012698761809,0.0150686265771912,0.0125128683028043,0.0011384186185894,0.0117807907639828,0,0.0038265790859745,0.001529040968711
"J14_p2_rep2_auto",0,0.00047976878183253,0.0158211633908916,0.0127648257210302,0,0.0124516796214616,0,0.0042794126136293,0.0012161825842358
"J1_p3_rep1_auto",0,0.0254135378157628,0,0,0,0.0124445704113824,0,0,0
"J1_p3_rep2_auto",0,0.0227382025816612,0,0,0,0.0121661897502835,0,0,0
"J4_p3_rep1_auto",0,0.0163421741528472,0,0,0,0.0126918003860407,0,0,0
"J4_p3_rep2_auto",0,0.0202295987673245,0,0,0,0.0055876629336662,0,0,0
"J8_p3_rep1_auto",0.0114732166372449,0.0228710739819498,0,0,0.0025410887109353,0.0122958467822953,0,0,0
"J8_p3_rep2_auto",0.005734645440289,0.0240531466718272,0,0,0,0.0130842790716726,0,0,0
"J11_p3_rep1_auto",0.0070798645297898,0.0239684372079946,0.0014960937335667,0,0.0024316270661497,0.012256028501035,0,0,0
"J11_p3_rep2_auto",0.00023337809161543,0.0231519693038112,0.0031489020195454,0,0,0.0112710703785203,0,0,0
"J14_p3_rep1_auto",0,0.0175524968736419,0.0077884840876434,0,0,0.0129016897755445,0,0,0
"J14_p3_rep2_auto",0.0060132729722361,0.0202045086480368,0.0080719878291268,0.002643529565387,0.0125339867259273,0.0105618130247749,0,0.016701748635593,0.0011167901888807
