"","Epidish_CBSX.melanoma_Endothelial","DeconRNASeq_CBSX.melanoma_Endothelial","Epidish_CBSX.HNSCC_Endothelial","DeconRNASeq_CBSX.HNSCC_Endothelial","Epidish_melanoma_Endothelial","DeconRNASeq_melanoma_Endothelial","CBSX_scRNA.melanoma_Endothelial","CBSX_HNSCC_Endothelial"
"LUNG-NSCLC2-0553",0.0193082010973801,0.138607804275625,0.202737225403752,0.12980434892284,0.0193082010973801,0.138607804275625,0.009061228252861,0.290658312202075
"LUNG-NSCLC2-0560",0.0225051566395438,0.1355418659119,0.231279159991417,0.150977869106876,0.0225051566395438,0.1355418659119,0.0378731820665031,0.271944653959051
"LUNG-NSCLC2-0565",0.0118712347444916,0.174295209753875,0.156543110441464,0.111178223797603,0.0118712347444916,0.174295209753875,0.0079183593062841,0.153371320571231
"LUNG-NSCLC2-0566",0,0.0744933840093935,0.0550100394234139,0.101941842644667,0,0.0744933840093935,0,0.0698704737003358
"LUNG-NSCLC2-0568",0.0014994448522788,0.0726932733665143,0.149339038691667,0.111466133260976,0.0014994448522788,0.0726932733665143,0.0045218459118095,0.2005097383176
"LUNG-NSCLC2-0569",0,0.0842477234495186,0.0140339581311691,0.0739446422598956,0,0.0842477234495186,0,0.0421520177851651
"LUNG-NSCLC2-0571",0.000956275471726053,0.119321877870381,0.136110017697786,0.131421517608703,0.000956275471726053,0.119321877870381,0.0056351102120365,0.137320768729061
"LUNG-NSCLC2-0580",0.0113973221060553,0.0832178053273158,0.203895970742352,0.147651465621669,0.0113973221060553,0.0832178053273158,0.0083421492890084,0.233489455862619
"LUNG-NSCLC2-0584",0.0142244529791933,0.114799242186956,0.244255716551834,0.196943972315063,0.0142244529791933,0.114799242186956,0.0072424888731641,0.370229906692237
"LUNG-NSCLC2-0585",0,0.112328642466608,0.106153132729376,0.104678261116165,0,0.112328642466608,0,0.074725600579773
"LUNG-NSCLC2-0588",0.15598539792325,0.186862916722109,0.280703417105069,0.194153483330115,0.15598539792325,0.186862916722109,0.151471860041687,0.27453579037801
"LUNG-NSCLC2-0590",0.0108553484499105,0.139797959778952,0.169295364146601,0.111400123647068,0.0108553484499105,0.139797959778952,0,0.150644926909042
"LUNG-NSCLC2-0592",0,0.0525329649037045,0.074501965363982,0.101697692810192,0,0.0525329649037045,0,0.0703578859292643
"LUNG-NSCLC2-0593",0.0174362206668149,0.104464090203212,0.125818103960585,0.141930976983314,0.0174362206668149,0.104464090203212,0.0100702199116916,0.149345996682894
"LUNG-NSCLC2-0595",0,0.113923780420086,0.0421687608864703,0.0997520529819331,0,0.113923780420086,0,0.100055476856132
"LUNG-NSCLC2-0596",0.0040284111429012,0.085202112364863,0.0540090263064172,0.10518160840439,0.0040284111429012,0.085202112364863,0.0035233885002038,0.0617959617963352
"LUNG-NSCLC2-0599",0.0403933407417272,0.116721621948572,0.19069623347192,0.141740036167698,0.0403933407417272,0.116721621948572,0.026079591406839,0.192199244302523
"LUNG-NSCLC2-0602",0.0051220641663461,0.0665707481185673,0.0385463306791125,0.0990131556820902,0.0051220641663461,0.0665707481185673,0.0060793604664178,0.0376220457050989
"LUNG-NSCLC2-0603",0.0058709682598589,0.0784431665866416,0.140292676246466,0.10023953976746,0.0058709682598589,0.0784431665866416,0.0044879954644859,0.152987469477101
"LUNG-NSCLC2-0608",0,0.0965776361217088,0.128858906194188,0.10676429495648,0,0.0965776361217088,0,0.135857466873008
"LUNG-NSCLC2-0610",0.0070972299858043,0.0863852894408551,0.183037906850456,0.1356975871743,0.0070972299858043,0.0863852894408551,0.0074272130547925,0.187041652652475
"LUNG-NSCLC2-0611",0,0.0909455448313234,0.113387851498989,0.129670512078755,0,0.0909455448313234,0.0014681105995118,0.159116439649629
"LUNG-NSCLC2-0622",0,0.0768559665542428,0.116305266924566,0.112950612566986,0,0.0768559665542428,0,0.0713542237818274
"LUNG-NSCLC2-0623",0.0047998683887418,0.0850243397357941,0.0565963683839959,0.103807175223691,0.0047998683887418,0.0850243397357941,0.0013655251572159,0.0410165282224915
"LUNG-NSCLC2-0630",0.0058335995326096,0.0934125451815535,0.138843949463545,0.140970074292446,0.0058335995326096,0.0934125451815535,0.0069604614374478,0.1556064993286
"LUNG-NSCLC2-0631",0,0.0636082915463819,0.0404628491909999,0.103796111724716,0,0.0636082915463819,0,0.0550486272485373
"LUNG-NSCLC2-0632",0,0.0782104706207943,0.0487265594359357,0.110623939292689,0,0.0782104706207943,0,0.085960018310738
"LUNG-NSCLC2-0633",0.000621899547140708,0.0968742373981714,0.100578523512183,0.114761813769213,0.000621899547140708,0.0968742373981714,0.00015298689986921,0.111981599231264
"LUNG-NSCLC2-0635",0.0128669211094387,0.116142971151579,0.201858306707389,0.109914190872936,0.0128669211094387,0.116142971151579,0.0100497099158378,0.263040816008659
"LUNG-NSCLC2-0641",0.0138930554816087,0.0908708299798548,0.0914861541770552,0.0999699047557849,0.0138930554816087,0.0908708299798548,0.0136818308098217,0.107965800281779
"LUNG-NSCLC2-0648",0.026468971811275,0.0910499837979906,0.230369998494764,0.154325180679198,0.026468971811275,0.0910499837979906,0.0130114270201576,0.260264976361859
"LUNG-NSCLC2-0652",0.0012887125334717,0.0832352105953484,0.133338987148183,0.166572196161622,0.0012887125334717,0.0832352105953484,0.00021859682774639,0.175563946854372
"LUNG-NSCLC2-0657",0.0202604450991215,0.0782876334027124,0.0988568158924672,0.145440130151865,0.0202604450991215,0.0782876334027124,0.0343468969945594,0.107700752441758
"LUNG-NSCLC2-0660",0,0.0870649613238424,0.104735144421052,0.120808312915338,0,0.0870649613238424,0.00028659557703818,0.143323891594303
"LUNG-NSCLC2-0678",0.000489175262216948,0.0975271159630996,0.0447184926883008,0.0702582327926908,0.000489175262216948,0.0975271159630996,0,0.0635401419114843
"LUNG-NSCLC2-0683",0.0017742550516784,0.0732955947206225,0.197897154035851,0.119774461550298,0.0017742550516784,0.0732955947206225,0.0057289323063074,0.216156041572495
"LUNG-NSCLC2-0685",0.0010853254757408,0.0825686265978866,0.118129231299111,0.105560080661466,0.0010853254757408,0.0825686265978866,0.0010922497156538,0.11062581671398
"LUNG-NSCLC2-0687",0.0085750393302717,0.115924945583228,0.0977980896031949,0.129816682190216,0.0085750393302717,0.115924945583228,0.0033406180173588,0.143019768039186
"LUNG-NSCLC2-0689",0,0.104415183407577,0.386601670864824,0.145507556825465,0,0.104415183407577,0,0.361885298043922
"LUNG-NSCLC2-0695",0.0452252043893235,0.179576115785485,0.331398558158481,0.17899526401951,0.0452252043893235,0.179576115785485,0.08570798735757,0.444532325481396
"LUNG-NSCLC2-0696",0,0.0825139133716899,0.118741597847436,0.112343562823041,0,0.0825139133716899,0,0.159289166407149
"LUNG-NSCLC2-0698",0,0.0741162302593639,0.118502354636154,0.132208975726275,0,0.0741162302593639,0.0024293755496759,0.118777610623551
"LUNG-NSCLC2-0704",0.0166961303166387,0.112779081136425,0.140646451394096,0.112856739958322,0.0166961303166387,0.112779081136425,0.0272796143019282,0.183018772059222
"LUNG-NSCLC2-0705",0.0324476576146741,0.0939124322636774,0.0675258821956465,0.101826898111009,0.0324476576146741,0.0939124322636774,0.0413390691775178,0.0805386458795162
"LUNG-NSCLC2-0707",0.0073601673234539,0.113306061653441,0.174682751684266,0.138157654961298,0.0073601673234539,0.113306061653441,0,0.182420044906126
"LUNG-NSCLC2-0709",0.0383558325738927,0.113375300567861,0.0738688868792279,0.11776522379346,0.0383558325738927,0.113375300567861,0.0807209600122818,0.126248402993588
"LUNG-NSCLC2-0712",0.0042101930158344,0.11900852182822,0.129178594366092,0.122855673349538,0.0042101930158344,0.11900852182822,0,0.171099584363893
"LUNG-NSCLC2-0714",0.0148206624498567,0.109464819250255,0.128712550820846,0.149418534185821,0.0148206624498567,0.109464819250255,0.0068442331212396,0.128281963500276
"LUNG-NSCLC2-0715",0.0117675358918763,0.0853325272252634,0.169167751604654,0.128051888694315,0.0117675358918763,0.0853325272252634,0.0105090422860704,0.20525735903131
"LUNG-NSCLC2-0718",0.0087970511694517,0.0633173102927909,0.0995762790747511,0.0808934795372128,0.0087970511694517,0.0633173102927909,0.0110360899202781,0.0872669046992233
"LUNG-NSCLC2-0720",0.002437356620381,0.107478238901387,0.128104904413377,0.149509080053932,0.002437356620381,0.107478238901387,0.0010913821549331,0.153471778471112
"LUNG-NSCLC2-0727",0.0354226031776651,0.0931942525561523,0.137765806311052,0.139040029955832,0.0354226031776651,0.0931942525561523,0.0529127463303724,0.169930464450273
"LUNG-NSCLC2-0728",0.0070604808587748,0.0783071772745854,0.181685288553163,0.166835982783404,0.0070604808587748,0.0783071772745854,0,0.201300300176999
"LUNG-NSCLC2-0729",0.0202874409559312,0.112612811384524,0.222816504197408,0.154884339660774,0.0202874409559312,0.112612811384524,0.0251431247648603,0.287803277049709
"LUNG-NSCLC2-0730",0.0145350572291546,0.101617642928108,0.128525109914393,0.0999574841048487,0.0145350572291546,0.101617642928108,0.0200289347939733,0.192624864882915
"LUNG-NSCLC2-0732",0.0127151564612155,0.102724551663202,0.095733427330578,0.120019458593585,0.0127151564612155,0.102724551663202,0.0201006426033046,0.113295563012493
"LUNG-NSCLC2-0734",0,0.0846674207608429,0.141702383989731,0.124756964319166,0,0.0846674207608429,0,0.159859519052762
"LUNG-NSCLC2-0736",0.0081693248165535,0.103421555960555,0.224396357787285,0.155314483483143,0.0081693248165535,0.103421555960555,0.0077280480166273,0.246791422251459
"LUNG-NSCLC2-0737",0.0403522924708747,0.101709714655203,0.162595669178976,0.136111133599123,0.0403522924708747,0.101709714655203,0.0583865853438231,0.193793012343195
"LUNG-NSCLC2-0740",0.014192672323533,0.134649739954202,0.0791979527906097,0.106809763227236,0.014192672323533,0.134649739954202,0.0054646770960338,0.162850616249379
"LUNG-NSCLC2-0742",0,0.0906390115008284,0.127666060265569,0.123382363388138,0,0.0906390115008284,0,0.10704936619757
"LUNG-NSCLC2-0743",0.0510798695013655,0.119290851837665,0.208953605557326,0.150810031094729,0.0510798695013655,0.119290851837665,0.0617129147740419,0.204477642036668
