"","Epidish_CBSX_LM22_Macrophages.M0","DeconRNASeq_CBSX_LM22_Macrophages.M0","Epidish_LM22_Macrophages.M0","DeconRNASeq_LM22_Macrophages.M0","CBSX__LM22__Macrophages_M0"
"Gide_PD1_10_Post",0.349947742858564,0.17489956066136,0.349947742858564,0.17489956066136,0.318455590801382
"Gide_PD1_10_Pre",0.640753217480684,0.21013927539769,0.640753217480684,0.21013927539769,0.604118921728676
"Gide_PD1_11_Pre",0.175188186382956,0.123778696922885,0.175188186382956,0.123778696922885,0.154880975314396
"Gide_PD1_12_Pre",0.472121135844778,0.414164260369903,0.472121135844778,0.414164260369903,0.371024729893152
"Gide_PD1_13_Post",0.182944999476452,0.0766224229235344,0.182944999476452,0.0766224229235344,0.248366480570509
"Gide_PD1_13_Pre",0.084902596168696,0.0945095337234438,0.084902596168696,0.0945095337234438,0.0533976793956005
"Gide_PD1_14_Pre",0.0706823758746601,0.0651400225316541,0.0706823758746601,0.0651400225316541,0.182683130544798
"Gide_PD1_15_Pre",0.00358499485445018,0.0624074118808978,0.00358499485445018,0.0624074118808978,0
"Gide_PD1_16_Pre",0.458234192029196,0.190218433401899,0.458234192029196,0.190218433401899,0.408024733454317
"Gide_PD1_17_Post",0.126678642328041,0,0.126678642328041,0,0.127551452474849
"Gide_PD1_17_Pre",0.381422734628108,0.134258542793415,0.381422734628108,0.134258542793415,0.338183027577481
"Gide_PD1_18_Pre",0.273504389684306,0.509746006549338,0.273504389684306,0.509746006549338,0.364784312318242
"Gide_PD1_19_Pre",0.257276168423293,0.127679833590074,0.257276168423293,0.127679833590074,0.238468321790099
"Gide_PD1_2_Pre",0.318767221364807,0.0746387424943727,0.318767221364807,0.0746387424943727,0.31138521255139
"Gide_PD1_21_Pre",0.163457724227599,0.0482042266829379,0.163457724227599,0.0482042266829379,0.0620534806414615
"Gide_PD1_23_Pre",0.385743570241685,0.749440730400654,0.385743570241685,0.749440730400654,0.517158841313131
"Gide_PD1_25_Post",0.0745036892733068,0,0.0745036892733068,0,0
"Gide_PD1_25_Pre",0.157616568112012,0.0786815012162217,0.157616568112012,0.0786815012162217,0.174480555531436
"Gide_PD1_27_Pre",0.365304996327699,0.134702005555458,0.365304996327699,0.134702005555458,0.183785326280394
"Gide_PD1_29_Post",0.0788773490158791,0.0974990087395228,0.0788773490158791,0.0974990087395228,0.138758768492124
"Gide_PD1_29_Pre",0.503564658256737,0.119781647591466,0.503564658256737,0.119781647591466,0.452400257467219
"Gide_PD1_3_Pre",0.205144652907444,0.100905812733868,0.205144652907444,0.100905812733868,0.180553409364345
"Gide_PD1_30_Pre",0.0924139167942785,0.069978307158116,0.0924139167942785,0.069978307158116,0.0795921407245842
"Gide_PD1_34_Pre",0.134165410840227,0.0556165272134001,0.134165410840227,0.0556165272134001,0.13685216658817
"Gide_PD1_35_Pre",0.147611110808061,0.0910423574949357,0.147611110808061,0.0910423574949357,0.156120946011087
"Gide_PD1_36_Pre",0.096795240238637,0.0800406997553376,0.096795240238637,0.0800406997553376,0.112127262700376
"Gide_PD1_38_Pre",0.159871972994946,0.0423866625130028,0.159871972994946,0.0423866625130028,0.151529578043577
"Gide_PD1_4_Pre",0.078608402262328,0.0362209659150042,0.078608402262328,0.0362209659150042,0.0836207616373325
"Gide_PD1_40_Pre",0.244948833950287,0.607659747961318,0.244948833950287,0.607659747961318,0.252557939332055
"Gide_PD1_41_Post",0.0210448631840828,0,0.0210448631840828,0,0.017886469025465
"Gide_PD1_41_Pre",0.22319051263924,0.0803545973020571,0.22319051263924,0.0803545973020571,0.235997090228066
"Gide_PD1_42_Pre",0.0747665773755399,0.0678556238860715,0.0747665773755399,0.0678556238860715,0.0961878561792624
"Gide_PD1_44_Pre",0.176272774601423,0.062367760654851,0.176272774601423,0.062367760654851,0.192953720397548
"Gide_PD1_45_Pre",0.152857481680003,0.108030785097946,0.152857481680003,0.108030785097946,0.158131405249301
"Gide_PD1_46_Pre",0.175550620511031,0.135033918547826,0.175550620511031,0.135033918547826,0.157235369647281
"Gide_PD1_47_Post",0.219793408514642,0.134290888735904,0.219793408514642,0.134290888735904,0.263720641002649
"Gide_PD1_47_Pre",0.220150717731977,0.146301664214659,0.220150717731977,0.146301664214659,0.205049274771336
"Gide_PD1_48_Post",0.214939564529734,0.150130809960538,0.214939564529734,0.150130809960538,0.219743549785287
"Gide_PD1_48_Pre",0.139011702660012,0.118688031472041,0.139011702660012,0.118688031472041,0.17244367921604
"Gide_PD1_49_Pre",0.400906141126382,0.0983549827368168,0.400906141126382,0.0983549827368168,0.437961641645473
"Gide_PD1_5_Pre",0.379170013898045,0.12610765189532,0.379170013898045,0.12610765189532,0.213246436705135
"Gide_PD1_50_Pre",0.277314701178205,0.18467484506935,0.277314701178205,0.18467484506935,0.227031378387869
"Gide_PD1_52_Pre",0.184460819555087,0.145743239342509,0.184460819555087,0.145743239342509,0.198035465283328
"Gide_PD1_53_Pre",0.0558634752241383,0.0450422240487749,0.0558634752241383,0.0450422240487749,0.0623244348985492
"Gide_PD1_54_Pre",0.258340738647228,0.175574393900926,0.258340738647228,0.175574393900926,0.290078788139517
"Gide_PD1_6_Pre",0.092760016101987,0.103472997940533,0.092760016101987,0.103472997940533,0.0972585149142467
"Gide_PD1_7_Pre",0.175210193054006,0,0.175210193054006,0,0.185545717668483
"Gide_PD1_8_Post",0.170255138814476,0.0358305724557485,0.170255138814476,0.0358305724557485,0.190771663327017
"Gide_PD1_8_Pre",0.153095340131416,0.0968221119102702,0.153095340131416,0.0968221119102702,0.216510082927581
"Gide_PD1_9_Pre",0.103534680676943,0.0591988556531825,0.103534680676943,0.0591988556531825,0.0922231667463004
