"","DeconRNASeq_BPRNACan_M0","DeconRNASeq_BPRNACan3DProMet_M0","DeconRNASeq_BPRNACanProMet_M0","Epidish_CBSX_LM22_Macrophages.M0","DeconRNASeq_CBSX_LM22_Macrophages.M0","Epidish_LM22_Macrophages.M0","DeconRNASeq_LM22_Macrophages.M0","CBSX__LM22__Macrophages_M0"
"Pt66_Pre_AD667850.6",0.0495468772282645,0.0399793766947912,0.0363895481256733,0.0616264558373953,0.110322989695714,0.0616264558373953,0.110322989695714,0.227369160008518
"Pt94_Pre_AD732850.6",0.116255430232719,0.127017224984771,0.0818619201357262,0.0750854512823985,0.0250712564259556,0.0750854512823985,0.0250712564259556,0.0705369897634404
"Pt84_Pre_AD486532.5",0.129959996569693,0.13133042597524,0.119114621973241,0,0.152043521033735,0,0.152043521033735,0.110417562550974
"Pt62_Pre_AD608303.5",0.0761821544598637,0.0669149696596043,0.0503898678347525,0.0788691076676101,0.116712539455926,0.0788691076676101,0.116712539455926,0.110504614218301
"Pt72_Pre_AD793922.5",0.172258962870021,0.200290493205539,0.204641131812377,0.160850023823103,0.136260691490004,0.160850023823103,0.136260691490004,0.219629262241555
"Pt3_Pre_E9024733.3",0.0123840380606263,0.00905220406632637,0.014713815249836,0.163531178790049,0.149784948309884,0.163531178790049,0.149784948309884,0.216354144748827
"Pt5_Pre_E9021022.6",0.0723206840021417,0.068414795516878,0.056884391891472,0.00250996337817355,0.0461380205869558,0.00250996337817355,0.0461380205869558,0
"Pt9_Pre_E9021024.6",0.0197207008202581,0.019524681190428,0.0205340387369879,0.428877033878912,0.496837906013422,0.428877033878912,0.496837906013422,0.458786169194005
"Pt18_Pre_E9024732.6",0.0742972130591692,0.0636542733679815,0.0549431540083351,0.0628702462655085,0.0384631787635532,0.0628702462655085,0.0384631787635532,0.056890798704574
"Pt24_Pre_AD436687.5",0.00198258263069628,0,0,0.499125138744098,0.303844066457583,0.499125138744098,0.303844066457583,0.487899811432765
"Pt27_Pre_AD453873.5",0.0124884529673499,0.00931118104056263,0,0.0768056866719321,0.0594459051895354,0.0768056866719321,0.0594459051895354,0.0774220098154431
"Pt29_Pre_AD497504.5",0.110772675698684,0.107720028892651,0.100873640440639,0.0429135790295654,0.0354560110348133,0.0429135790295654,0.0354560110348133,0.0906285287552702
"Pt30_Pre_AD497503.5",0.0589064486393965,0.0408414117468874,0.0373030251869107,0.0436514833014018,0.0649806318674265,0.0436514833014018,0.0649806318674265,0.0593978524766951
"Pt31_Pre_AD453872.5",0.157743292374203,0.138395097789422,0.131040867619621,0,0.034507225561042,0,0.034507225561042,0
"Pt8_Pre_AD153354.6",0.114397473557057,0.120523441930277,0.121722101247954,0.0818490217518736,0.0528955544478011,0.0818490217518736,0.0528955544478011,0.0873085772462414
"Pt11_Pre_AD153352.6",0.0885572831390904,0.0870620728958353,0.085475590087269,0.00446892761098812,0.00249313812091721,0.00446892761098812,0.00249313812091721,0
"Pt28_Pre_AD297619.6",0.089050464622124,0.0764954067693241,0.0749807905812676,0.0222056829690247,0.0519541613125763,0.0222056829690247,0.0519541613125763,0.0170620036031904
"Pt44_Pre_AD467790.6",0.00921166838407747,0.00936800594327583,0.0139352369108918,0.0487788274108237,0,0.0487788274108237,0,0.0377809220451442
"Patient100",0.114511119114677,0.123648374158432,0.129878231437749,0.0330614770161483,0.0275625467838871,0.0330614770161483,0.0275625467838871,0.0423731067664112
"Patient102",0.0120622123911183,0.0136799960551264,0.0162149720552899,0.218097375687071,0.0420027840908075,0.218097375687071,0.0420027840908075,0
"Patient105",0.0711426155531304,0.0712165059981383,0.0785065903902149,0.000877470453572191,0.0737554464578212,0.000877470453572191,0.0737554464578212,0
"Patient106",0.20167393855993,0.202659904378533,0.199959275837803,0.531555033838919,0.103330896489581,0.531555033838919,0.103330896489581,0.507294861682149
"Patient107",0,0,0,0.00574740029745317,0.128172296639882,0.00574740029745317,0.128172296639882,0
"Patient108",0.249338628480494,0.244748175369614,0.242365702696533,0.0764543989614806,0.0291478620873497,0.0764543989614806,0.0291478620873497,0.0154174593196492
"Patient10",0.0487465091969243,0.042506968631229,0.0547786905911392,0.0469907279915152,0.0864522283891705,0.0469907279915152,0.0864522283891705,0.0342007461305535
"Patient112",0.100781824344277,0.108726721472081,0.104630772486829,0.0143400946426625,0.0462388038786601,0.0143400946426625,0.0462388038786601,0.0336797301929555
"Patient116",0.124713164576282,0.129651474983633,0.130419935152242,0.0875252744942296,0.0778571497325051,0.0875252744942296,0.0778571497325051,0.0724776855591259
"Patient117",0.128365688048971,0.135764018926668,0.13288117269983,0.0698031975860324,0.0211132687448077,0.0698031975860324,0.0211132687448077,0.0349149373773761
"Patient11",0.0546712701654305,0.0522153233932281,0.0607069474098393,0.147877372067143,0.0869204684182365,0.147877372067143,0.0869204684182365,0.147427149521141
"Patient121",0.0924994808559698,0.0958997512824343,0.0960416648274765,0.0518665674718883,0.0638761353991528,0.0518665674718883,0.0638761353991528,0.038898782448325
"Patient125",0.0783559895725995,0.079521914010233,0.0767089486161119,0.0285293320817455,0.0366887763791512,0.0285293320817455,0.0366887763791512,0.0300422620670588
"Patient126",0.0883908142341205,0.091541679855114,0.0928318787663082,0.0074145200684432,0.00136405741664537,0.0074145200684432,0.00136405741664537,0.0930633036911008
"Patient127",0.00205887214508451,0.00200052137452785,0.00807694116938431,0.0512489250793931,0.0888194537227504,0.0512489250793931,0.0888194537227504,0.0386960858045936
"Patient130",0.144057419140512,0.142376760685389,0.140888870195315,0.0767730722316254,0.0487166534686627,0.0767730722316254,0.0487166534686627,0.0327409834044071
"Patient131",0.00790429315191465,0.0107007218694266,0.0178674696998502,0.0731274771985417,0.0575034939009016,0.0731274771985417,0.0575034939009016,0.0397382672054624
"Patient132",0.0896268034177383,0.0950001305652618,0.0981636565979154,0.0558712951089673,0.0360494258756959,0.0558712951089673,0.0360494258756959,0.063991471315345
"Patient133",0.0243471543829215,0.0341236741793,0.0408409212571145,0.105474232398332,0.0423067678975158,0.105474232398332,0.0423067678975158,0.117534267843811
"Patient134",0.0276268698238221,0.0353689715763987,0.0516961454127421,0.0202438509732373,0.0370847865004884,0.0202438509732373,0.0370847865004884,0
"Patient135",0.0792880620878423,0.0840551666818157,0.0915142656446444,0.0402693143002617,0.0601721656879052,0.0402693143002617,0.0601721656879052,0.0277987542622637
"Patient137",0,0,0.00483658126277457,0.153436914109042,0.0507990497216567,0.153436914109042,0.0507990497216567,0.126455276259695
"Patient13",0,0,0,0.208857259485693,0.0753064368837391,0.208857259485693,0.0753064368837391,0.174173739469875
"Patient140",0.141515135192891,0.146476221440574,0.143303231913329,0.0734981159773231,0.145359601275879,0.0734981159773231,0.145359601275879,0.0875847272801901
"Patient141",0,0,0.00355147631471709,0.715672959052645,0.127640564747976,0.715672959052645,0.127640564747976,0.614762520582354
"Patient142",0.0324288767419911,0.0361966909256169,0.0426487203975874,0.0211736852793562,0.0518732248191721,0.0211736852793562,0.0518732248191721,0
"Patient143",0,0,0,0,0,0,0,0.1057005767362
"Patient144",0.121457679862326,0.113869650636141,0.115384808005825,0.00437787686416171,0.093928201904004,0.00437787686416171,0.093928201904004,0
"Patient145",0.0549317467655908,0.0570068246155817,0.0672165986208366,0.0111474898513879,0.036452366412779,0.0111474898513879,0.036452366412779,0
"Patient146",0.208363389505452,0.212164725635089,0.211688546121824,0.444101082201679,0.223925613577989,0.444101082201679,0.223925613577989,0.410132474542535
"Patient147",0.173581158819147,0.182641660663226,0.184859631288191,0.142583242513179,0.132798012895472,0.142583242513179,0.132798012895472,0.0974752341276832
"Patient148",0.0850679808219184,0.0853337203688186,0.0912645396362538,0.139359892668258,0.177140077703942,0.139359892668258,0.177140077703942,0.147427543097088
"Patient149",0,0,0,0.0189154822409045,0,0.0189154822409045,0,0.0213726188648669
"Patient14",0.0518179365120455,0.0509052344476051,0.0660373271423786,0.0874736981777074,0.0579653366262048,0.0874736981777074,0.0579653366262048,0.0851462886643153
"Patient150",0.129595560113496,0.129931669690133,0.121099697487158,0,0.0419089050655383,0,0.0419089050655383,0
"Patient154",0.113542975225534,0.122905208170091,0.125040241362412,0,0.0471138957728823,0,0.0471138957728823,0
"Patient155",0.0657769597623294,0.0682824663546647,0.0677626677037823,0.360076481785467,0.127763937984688,0.360076481785467,0.127763937984688,0.371643100566341
"Patient156",0.0950300902205464,0.0761397700666919,0.0814215769489065,0.533979011762774,0.165424797702977,0.533979011762774,0.165424797702977,0.47795527100043
"Patient158",0.00799316076688486,0,0.0148398385486835,0.274780197774273,0.103404711000162,0.274780197774273,0.103404711000162,0.236532161183691
"Patient159",0.0258491463410613,0.0369571259478851,0.0457948833228223,0.217618624853345,0.0573700146544256,0.217618624853345,0.0573700146544256,0.210925928541282
"Patient15",0.176924000791756,0.180639242533458,0.181653631607072,0.0333217015055689,0.0149706740595287,0.0333217015055689,0.0149706740595287,0.027440014158678
"Patient162",0.000162885733859613,0.00164211094062462,0.00428978553834666,0.0128378600762569,0.0499477914862276,0.0128378600762569,0.0499477914862276,0.0009661779986479
"Patient163",0.00833246504728907,0.011134817879524,0.02001881319107,0.0391498542422553,0.0392072646270776,0.0391498542422553,0.0392072646270776,0.0410289431463556
"Patient165",0.0891613110103962,0.0789326987608563,0.104094184906532,0.518942796050889,0.165241206483357,0.518942796050889,0.165241206483357,0.512883451203206
"Patient166",0.071584984303252,0.0823540844556359,0.0929306269927292,0.236591866268376,0.117089861680421,0.236591866268376,0.117089861680421,0.224329112525664
"Patient167",0.135933817702287,0.129020116768007,0.126800497172042,0.222239353707449,0.0222137015998549,0.222239353707449,0.0222137015998549,0.118323454379653
"Patient168",0.196151060618947,0.201167663214153,0.207769959944545,0.6614284403004,0.140745724511822,0.6614284403004,0.140745724511822,0.533229119085968
"Patient169",0.0263718002647047,0.0328332626042298,0.0455655606745145,0,0,0,0,0
"Patient170",0.112873322538064,0.119406480071566,0.127208555935211,0.0746002324941523,0.142379094481126,0.0746002324941523,0.142379094481126,0.0713737124668822
"Patient172",0.0528748061539267,0.0642440163739721,0.0692429218496266,0,0,0,0,0
"Patient173",0.0891829858771878,0.0991660318482299,0.106430648077067,0.197393031471046,0.029159148387863,0.197393031471046,0.029159148387863,0.219844227891173
"Patient179",0.0190768461767691,0.023684581688741,0.0368521279507862,0.0376550636879904,0.0728275425729887,0.0376550636879904,0.0728275425729887,0.0125131690735452
"Patient17",0.161586192958068,0.163829604078852,0.168240126899627,0.208781732486855,0.0429125696552905,0.208781732486855,0.0429125696552905,0.189056150024352
"Patient181",0,0,0.00441520462297675,0.0045584804797996,0.0365148382111381,0.0045584804797996,0.0365148382111381,0.0620309963598614
"Patient183",0.244883330248327,0.246095199103209,0.242118319790373,0,0.0351804118047402,0,0.0351804118047402,0
"Patient184",0.0301934353587552,0.0326352488889787,0.0391280233552815,0.587246446705112,0.370124146557879,0.587246446705112,0.370124146557879,0.547366581268168
"Patient185",0.101432157520951,0.103983107800079,0.102722598572101,0.195441356650193,0.113662960084082,0.195441356650193,0.113662960084082,0.169482903506086
"Patient187",0.243698217119313,0.234500072864742,0.231959687513861,0.0204447587825813,0.0437852951778395,0.0204447587825813,0.0437852951778395,0
"Patient188",0,0,0.0115890020413103,0.0563625705875477,0.0342751479125077,0.0563625705875477,0.0342751479125077,0.0778874041981662
"Patient18",0.176527788270311,0.179170305832004,0.173848070793443,0.0530700401372625,0.121851602484042,0.0530700401372625,0.121851602484042,0.0503362575794909
"Patient1",0.0210561910107875,0.0259764631431129,0.030913610370579,0.018473154420101,0.0426811451753176,0.018473154420101,0.0426811451753176,0
"Patient20",0,0,0,0,0,0,0,0
"Patient21",0.0308593422912101,0.0358913767288511,0.048099027460755,0.239221393125182,0.115418089672819,0.239221393125182,0.115418089672819,0.210295002112426
"Patient22",0.0614220709124689,0.0714313071015346,0.0834271315800125,0.0275670789583942,0.106458884521251,0.0275670789583942,0.106458884521251,0.0534342638835262
"Patient23",0,0,0,0.681012053333859,0.169332449810182,0.681012053333859,0.169332449810182,0.581743998409535
"Patient24",0.14459326073051,0.144599476734272,0.151546548859864,0.136418302923356,0.258859374515472,0.136418302923356,0.258859374515472,0.115498297773862
"Patient25",0.065258409833175,0.0784979396212956,0.0812271938544879,0.0252344485877792,0.0668967900818483,0.0252344485877792,0.0668967900818483,0.001999427576815
"Patient27",0.18589767003488,0.19045217087517,0.192121325044219,0.0245065091089968,0.0411338326591065,0.0245065091089968,0.0411338326591065,0.00499202796417489
"Patient30",0,0,0,0,0,0,0,0
"Patient31",0.0477364742428311,0.0558288859969344,0.0613074610326589,0.0530386499425876,0.0779609785083606,0.0530386499425876,0.0779609785083606,0
"Patient32",0.0433625183526919,0.0480032677354073,0.0592525567316948,0.1683762903433,0.0740938630670162,0.1683762903433,0.0740938630670162,0.205565540916353
"Patient33",0.0821002511414073,0.0865557878568313,0.0939195060605337,0.13931018401123,0.0410277566216113,0.13931018401123,0.0410277566216113,0.118284421136155
"Patient34",0.0333828181518473,0.0394012032452472,0.0411909208664448,0,0.0562966114132529,0,0.0562966114132529,0.00371411082375707
"Patient35",0.0687182872903002,0.0712027347807133,0.0703222026989148,0.112423145598458,0.106870594849788,0.112423145598458,0.106870594849788,0.105293666224409
"Patient36",0.225862877907328,0.233641186714254,0.233261683451803,0.0730925563344064,0.0922401454584793,0.0730925563344064,0.0922401454584793,0.0836941987725213
"Patient37",0.0370840423130415,0.052213350300863,0.0659040808325298,0.0704263871321332,0.035836562604917,0.0704263871321332,0.035836562604917,0.069725015427791
"Patient38",0.198066334833535,0.206180016322127,0.209198751901318,0.0871275090646549,0.0739283806148559,0.0871275090646549,0.0739283806148559,0.103461547886465
"Patient40",0.0782454877740029,0.0842792374817323,0.107400382225908,0.093200614905735,0.0563181177147335,0.093200614905735,0.0563181177147335,0.0762240968047098
"Patient42",0.0273818047405246,0.0300640666056885,0.0424277672721902,0.343548142928233,0.0851837080940048,0.343548142928233,0.0851837080940048,0.313154190580989
"Patient44",0.15469180758758,0.156655455207025,0.157928524226583,0.123584189263028,0.0521142241169862,0.123584189263028,0.0521142241169862,0.127105926869765
"Patient45",0.115272092726337,0.113524622392116,0.116396233988263,0.168395935488366,0.0653871993694559,0.168395935488366,0.0653871993694559,0.236945489223569
"Patient47",0.00639988579746961,0.00485113928462964,0.0106292135186029,0,0.0661756201069109,0,0.0661756201069109,0
"Patient48",0.0199423427071634,0.02955758889628,0.0506682540661646,0.0133302408901319,0.0604497781727891,0.0133302408901319,0.0604497781727891,0.00655786153430279
"Patient4",0.080017654642989,0.0862431475070669,0.101966496095451,0.0865077487171527,0.0999520127547575,0.0865077487171527,0.0999520127547575,0.0652067783995672
"Patient51",0.0325295322698209,0.0436527099849893,0.0552416082957762,0.0150808683709455,0.046088796323691,0.0150808683709455,0.046088796323691,0.0180974737336874
"Patient58",0.13266213065958,0.127184685837297,0.13750338679029,0.071797960334949,0.10878360834213,0.071797960334949,0.10878360834213,0.0217325999722759
"Patient61",0.0738235203282245,0.0715863895446064,0.0570080065154142,0.0289938090686088,0.0963727360063378,0.0289938090686088,0.0963727360063378,0.0732976938803227
"Patient62",0,0,0.00775929364642132,0.208986889461947,0.151890909163961,0.208986889461947,0.151890909163961,0.20084276350682
"Patient63",0.0242708000715999,0.0186485065534737,0.0575090401964983,0.0536107120724387,0.116355238741307,0.0536107120724387,0.116355238741307,0.0675320195786606
"Patient67",0.0390685368101252,0.0452053253817379,0.0878283069865899,0.12840119745039,0.0572355118762904,0.12840119745039,0.0572355118762904,0.0668655151650247
"Patient6",0.0192793690404867,0.0286564790383005,0.0365189232270224,0.198689454882845,0.0916382132516391,0.198689454882845,0.0916382132516391,0.19049828522553
"Patient72",0.0849394036914929,0.0921460174751115,0.0965390998773,0.0927158995855362,0.0957088326128384,0.0927158995855362,0.0957088326128384,0.0728350358601235
"Patient73",0,0,0,0.0432690105186056,0.0889718497827964,0.0432690105186056,0.0889718497827964,0.0241946257193692
"Patient75",0.00788881857083619,0.0151080739171451,0.0206562098112218,0,0.0377334732046736,0,0.0377334732046736,0.0372866680525928
"Patient77",0.0643737440864111,0.0760547944709673,0.0862560126745523,0,0,0,0,0
"Patient78",0.0180726408704525,0.0314124986032342,0.0486521971316904,0.285490618983763,0.0747526680701249,0.285490618983763,0.0747526680701249,0.263564843857066
"Patient79",0.135884333045937,0.144045922541699,0.143129636975154,0.0514448789272889,0,0.0514448789272889,0,0.062297356899993
"Patient7",0,0.00654476884092547,0.0128735906218657,0.0150689010939934,0.0370955673004485,0.0150689010939934,0.0370955673004485,0.00886301058594788
"Patient82",0,0,0,0.0897782011063183,0.0822957001013326,0.0897782011063183,0.0822957001013326,0.130571568252785
"Patient83",0.292164562313506,0.294823752961916,0.293075305044873,0.0538798574691161,0.129387609401461,0.0538798574691161,0.129387609401461,0.095216832924478
"Patient86",0.0364913798375545,0.0447430322898738,0.0558245476798867,0.0510346164037891,0.0362778677619131,0.0510346164037891,0.0362778677619131,0.0438315246964348
"Patient87",0.140310528010612,0.142501314235721,0.141047401223758,0.0367668087513701,0.0378060218719985,0.0367668087513701,0.0378060218719985,0.0550279886624589
"Patient8",0.258968949791318,0.266139021874626,0.266873153077859,0.0504494896011757,0.109087024234351,0.0504494896011757,0.109087024234351,0.0554805609783903
"Patient94",0.062042988214881,0.0675569816543325,0.0784164237826962,0.134439051877616,0.121322784371969,0.134439051877616,0.121322784371969,0.185024833518555
"Patient96",0.0263524347981772,0.0316885577890896,0.0302692833437377,0.0986409890049571,0.14398826957032,0.0986409890049571,0.14398826957032,0.0910222180287814
"Patient98",0.191097331022799,0.198203412643648,0.198392032698338,0.0318228754746839,0.0341330327964621,0.0318228754746839,0.0341330327964621,0.0519943420457409
"Patient99",0.165730660835796,0.172790810755492,0.166429293126754,0.417608290761701,0.0927583947851609,0.417608290761701,0.0927583947851609,0.223644611215569
"Patient9",0,0,0.00520239796656243,0,0.0700493537784172,0,0.0700493537784172,0
"Patient56",0.0782680787174127,0.0918343024772877,0.0994539394693129,0.0590041773902338,0.049887675194746,0.0590041773902338,0.049887675194746,0.0310585958400578
"Patient191",0.0543572902138928,0.0651760408016073,0.0671708958803154,0.143342271528703,0.0373984385530624,0.143342271528703,0.0373984385530624,0.119271894984333
"Patient189",0.0131826701938774,0.0259343501203677,0.0369978645503385,0.00423715023615267,0.0188378457047679,0.00423715023615267,0.0188378457047679,0.00427359844596246
"Patient200",0.0601494116789762,0.0699540318787742,0.0793656804325112,0.0834152926291429,0.0596790114750802,0.0834152926291429,0.0596790114750802,0.083819727081839
"Patient201",0.123331485957502,0.128672264242491,0.13371611333129,0.108000858318865,0.116051529576026,0.108000858318865,0.116051529576026,0.1467955399032
"Patient203",0.0538697126285875,0.0652321250150311,0.0708166788589042,0,0.0210936727112992,0,0.0210936727112992,0
"Patient193",0.0193506495778418,0.0223507982173403,0.0279534268874701,0.0133480093727656,0.0285818784955493,0.0133480093727656,0.0285818784955493,0
"Patient195",0.0286978413948468,0.041206799834368,0.0524675771804865,0.0925561897298943,0.0503122863470128,0.0925561897298943,0.0503122863470128,0.0610561247366333
"Patient196",0.0431847878058414,0.0463297619071461,0.0416321412374193,0.349846006656492,0.120328164967827,0.349846006656492,0.120328164967827,0.372786324990069
"Patient197",0.0719933478025122,0.066560903829304,0.071521903406202,0.425416725071257,0.131692197174634,0.425416725071257,0.131692197174634,0.348614151552527
"Patient204",0.0805707721767551,0.0861077578190384,0.0887628744229231,0.0564206542092959,0.0573136925190795,0.0564206542092959,0.0573136925190795,0.101018163453062
"Patient205",0.0374304214951207,0.0498437647428307,0.0571457034273444,0.0032372777712501,0.0275192035786577,0.0032372777712501,0.0275192035786577,0
"Patient206",0.0639882533953987,0.076600615040034,0.083963021693256,0,0,0,0,0
