"","Quantiseq_NoSignature_M1","DeconRNASeq_BPRNACan_M1","DeconRNASeq_BPRNACan3DProMet_M1","DeconRNASeq_BPRNACanProMet_M1","Epidish_CBSX.LM22_M1","DeconRNASeq_CBSX.LM22_M1","Epidish_CCLE.TIL10_M1","DeconRNASeq_CCLE.TIL10_M1","Epidish_CD226_M1","DeconRNASeq_CD226_M1","Epidish_LM22_M1","DeconRNASeq_LM22_M1","Epidish_TIL10_M1","DeconRNASeq_TIL10_M1","CBSX_LM22_M1","CBSX_TIL10_M1","CBSX_CCLE.TIL10_M1","CBSX_CD226_M1"
"LUNG-NSCLC2-0553",0.0315813589294608,0.0667552584610024,0.0920533682389541,0.115694786238142,0,0.0500645328936894,0.283688349188476,0.195928162916065,0.148284009886991,0.197996834874781,0,0.0500645328936894,0.307435257364602,0.20007132932798,0,0.189998066416246,0.251876062063709,0.235510124969859
"LUNG-NSCLC2-0560",0.270799964478721,0.075438312983817,0.0979277893940594,0.0934983859997431,0,0.0470335957355473,0.397041544462101,0.491322937842522,0.226961825370711,0.274988030723938,0,0.0470335957355473,0.689657841584452,0.47253867545243,0,0.396489653568146,0.327738591258293,0.296619864887447
"LUNG-NSCLC2-0565",0.0222608293442688,0.0663851563126095,0.0867894830064874,0.143905957481813,0.0146194101110042,0.0600820160104592,0.242951694468529,0.187947797065681,0.181843341390225,0.137101656829925,0.0146194101110042,0.0600820160104592,0.352338490296863,0.211688514323982,0,0.206419854683802,0.180918917838028,0.212598261852486
"LUNG-NSCLC2-0566",0.0242193741249627,0.0671349863379043,0.0914780308765668,0.0894222051393576,0.0596329292017608,0.249191378087166,0.337257722682853,0.162894085006133,0.230968785802185,0.196059918480495,0.0596329292017608,0.249191378087166,0.468214558785083,0.159491918119757,0.0872664885205465,0.366556217322328,0.293272828645345,0.292319744270611
"LUNG-NSCLC2-0568",0.103712697312285,0.0588166433338808,0.0786246745421944,0.0734649115518224,0.0563154703297242,0.115038712924253,0.389950621120056,0.247837770633891,0.194144168814457,0.222941380168376,0.0563154703297242,0.115038712924253,0.750019918637064,0.241656929337493,0.0861798299474595,0.514184108902111,0.378369623023935,0.273566674766541
"LUNG-NSCLC2-0569",0.0684429329384341,0.0762069319243004,0.0912663952522477,0.0911947859244259,0.0516685218225516,0.182189597203535,0.231610599649657,0.193492385101211,0.241677612076039,0.317294773683369,0.0516685218225516,0.182189597203535,0.6253972342313,0.337371821478011,0.0408795373886959,0.577643939600386,0.190213716140623,0.291333321081184
"LUNG-NSCLC2-0571",0.0317374688057081,0.0704373434685909,0.108700532764256,0.101309384590314,0,0.0360042062419161,0.562773227669979,0.189457213950357,0.20305109114792,0.137299981442973,0,0.0360042062419161,0.788215456154587,0.179489556652497,0,0.371266738905183,0.51330134746952,0.126489797117746
"LUNG-NSCLC2-0580",0.126187139697375,0.0776112815994446,0.100610295801992,0.0945572177641072,0.0285411968219279,0.070072857447888,0.331141936693684,0.454382959379883,0.2358506171608,0.250239593017669,0.0285411968219279,0.070072857447888,0.576837550009173,0.447980841450482,0,0.408700552517184,0.302977297480548,0.271137133818102
"LUNG-NSCLC2-0584",0.137187631338759,0.0819632196418419,0.121255364288543,0.113987228317128,0.0044617394547709,0.0478733089290345,0.375110461976947,0.272483079470271,0.156136501438159,0.181351961955154,0.0044617394547709,0.0478733089290345,0.894913769412388,0.258584480846248,0.0260193080237017,0.336686500114619,0.359849045090313,0.268673587960505
"LUNG-NSCLC2-0585",0.0098462604125308,0.0618180866958107,0.086353703607127,0.0814239090611915,0.0109977058009727,0.0752820514482892,0.179291185588278,0.0979693286861333,0.246381889776996,0.30280153165324,0.0109977058009727,0.0752820514482892,0.479175238128416,0.108225318566406,0.0075052988597956,0.193988225497168,0.156135226313297,0.28105974243929
"LUNG-NSCLC2-0588",0.044901913576239,0.0836944280151128,0.120929844519539,0.114552140798868,0,0.0494230382312162,0.374251742588309,0.235033777623143,0.109780236949757,0.199039932594288,0,0.0494230382312162,0.913116177384774,0.219909384162429,0,0.418576515734916,0.347938798550596,0.254911636584301
"LUNG-NSCLC2-0590",0.0233837259495121,0.0645768919253035,0.0878831533774076,0.0841281990012359,0.016378723787945,0.0917687353348211,0.11980495954684,0.113933978612765,0.275890976780373,0.231746619159132,0.016378723787945,0.0917687353348211,0.79820461905461,0.230189059305359,0.013940289097238,0.389488213286915,0.130391334118911,0.212068144098774
"LUNG-NSCLC2-0592",0.0710299157639525,0.0749052457823953,0.0872030867442821,0.0804844167863267,0.05156248784479,0.179264589505045,0.312933599702191,0.20126493200184,0.174691872323342,0.129181248458512,0.05156248784479,0.179264589505045,0.307786356454899,0.191590013090075,0.0494410121760423,0.224808566314974,0.23004118168833,0.31572846128388
"LUNG-NSCLC2-0593",0.0495514733871068,0.0741314779260556,0.107539565335836,0.10084283585061,0.0060650731915176,0.0437058844415751,0.240151216938072,0.230830080057249,0.136182067556481,0.205027598638906,0.0060650731915176,0.0437058844415751,0.515619178119841,0.219917786398337,0.0274041879734851,0.0728483506827138,0.182280190810364,0.281163243295452
"LUNG-NSCLC2-0595",0.0350118998885879,0.0588551936333545,0.0889620474919182,0.0952402157180725,0.0177353430533251,0.119248019167691,0.277195780609092,0.146841346181128,0.452923794954815,0.251440484836444,0.0177353430533251,0.119248019167691,0.843820598311431,0.179754895825875,0.0173174360204029,0.449077252972835,0.204427568851544,0.185957013146812
"LUNG-NSCLC2-0596",0.245153616910209,0.0498616213034773,0.0861223595142237,0.0800635961671168,0.017395266524095,0.0562760664395503,0.665911907539731,0.477359853183879,0.360833751584579,0.375277995969642,0.017395266524095,0.0562760664395503,1,0.464247476771434,0.0145527156727631,0.634929987647857,0.576267289127816,0.29263403448637
"LUNG-NSCLC2-0599",0.0699250931314354,0.0818500717128678,0.113107885696321,0.109143514226456,0.0066864336473633,0.0264425372645598,0.408824321199662,0.270926205252877,0.173750748974157,0.285986286237265,0.0066864336473633,0.0264425372645598,1,0.254652448930776,0.0101900435958083,0.960718467235899,0.3618212928887,0.286056909834966
"LUNG-NSCLC2-0602",0.210063572450354,0.0867438871825727,0.117742846808803,0.115414591019198,0.0176663770676601,0,0.422745445477088,0.460632201886744,0.291759181375604,0.376291135311311,0.0176663770676601,0,0.595121799993462,0.437995638970108,0.0297410321869302,0.469269011471656,0.385977391440344,0.422404565144465
"LUNG-NSCLC2-0603",0.191645205538985,0.0506541418507157,0.0815643763639528,0.0794277244037749,0,0,0.484294462961931,0.454034912517029,0.27248596410201,0.305408385595644,0,0,0.991436234260493,0.47052752755512,0,0.653450756923942,0.547417350346739,0.23441190857211
"LUNG-NSCLC2-0608",0.0672039541790261,0.0777323778101581,0.109548045927864,0.102872098913378,0,0.0326600955576626,0.338373608679851,0.234904181071085,0.131514812050821,0.10275069059044,0,0.0326600955576626,0.654225883367655,0.232195005042601,0,0.307435700830261,0.374165676964969,0.147081309063661
"LUNG-NSCLC2-0610",0.0925309092152742,0.0515952934151762,0.0761826700083521,0.0705738069588474,0.0055590038866958,0.0464029944415937,0.832082663096806,0.380923771979944,0.165859698727204,0.274972565588051,0.0055590038866958,0.0464029944415937,1,0.379345291159697,0.0014955928745652,0.998496403074032,0.732846671644993,0.194575625249567
"LUNG-NSCLC2-0611",0.0618350320991127,0.0602652813935633,0.0795645363362466,0.074583898163291,0.0502598512058988,0.126548974499008,0.342720703036433,0.264576294461053,0.244067754781615,0.237073107148373,0.0502598512058988,0.126548974499008,0.542110674923662,0.251583859273691,0.0763537867211343,0.285769661455881,0.279324285416784,0.268273580310364
"LUNG-NSCLC2-0622",0.121831345428021,0.069845797498706,0.0945624002713262,0.0926613498782097,0.0544221315110074,0.221174616216956,0.308453463196822,0.395665483233401,0.220579911482332,0.281429425244425,0.0544221315110074,0.221174616216956,0.725476793721059,0.415500298697562,0.0599721839698301,0.505230748478564,0.314528017583217,0.218535412175117
"LUNG-NSCLC2-0623",0.0705204181671626,0.0099953060845701,0.0368072359564319,0.0410811821756979,0.0166866466451319,0.072097639086147,0.574824317082472,0.325564827171715,0.20325329628118,0.271797899190583,0.0166866466451319,0.072097639086147,0.635059378628378,0.31514493864625,0.0138766449544331,0.565818409106059,0.384164051925551,0.268353255684523
"LUNG-NSCLC2-0630",0.0884236258586212,0.0489503438820248,0.0810209407063589,0.0863481222492612,0.016375409091332,0.0376958775974604,0.730995590588816,0.243095942084982,0.319525440744004,0.211627067131088,0.016375409091332,0.0376958775974604,0.665160374970512,0.276141878920027,0.0269911983866235,0.381288604775746,0.588940843468009,0.204511733197152
"LUNG-NSCLC2-0631",0.133975147375467,0.0312509492275511,0.0572597584349988,0.0542903997001339,0.0306723293259632,0.0996900267094733,0.569781937914379,0.400678826202911,0.261567935710315,0.308680124153409,0.0306723293259632,0.0996900267094733,0.847190759566295,0.392451789223139,0.0355492614794548,0.49356525627881,0.506656572179826,0.273454402980643
"LUNG-NSCLC2-0632",0.0940891525727826,0.0660493545783791,0.0872611186767708,0.0801763479796797,0.0273890320742465,0.121277830743112,0.568760121922214,0.331435571073305,0.342191077276534,0.278765433881271,0.0273890320742465,0.121277830743112,0.521215318148854,0.340289005407719,0.0288835579786291,0.526261269386957,0.375453648856362,0.274166423002442
"LUNG-NSCLC2-0633",0.0932022337129317,0.0732509801188562,0.104574592047644,0.0999004665581309,0.0038355567809893,0.0218262344342554,0.345226255647162,0.271530600295046,0.16052840914508,0.188949234414098,0.0038355567809893,0.0218262344342554,0.459844266935648,0.242752698846781,0.0132744221757219,0.339387696876551,0.357256209944995,0.295716526634535
"LUNG-NSCLC2-0635",0.0669684343295863,0.0603837238883522,0.0975513270498795,0.102563506814283,0,0.0533456755543211,0.247870141031892,0.228023546371201,0.477474325520722,0.213165397147386,0,0.0533456755543211,0.59040627255005,0.301867373425464,0.0126793377079345,0.323299689623078,0.228780838512217,0.210613319689553
"LUNG-NSCLC2-0641",0.0959933134651608,0.0587939157864146,0.0920548718116415,0.0849733839843838,0.0120584983007591,0.0653352400312457,0.330323125719443,0.423371887723343,0.154080555700492,0.224386962833369,0.0120584983007591,0.0653352400312457,0.751114772069256,0.439537634189444,0.0277698206118635,0.271673202398704,0.310336097979853,0.317519437678655
"LUNG-NSCLC2-0648",0.147941937831473,0.0753941667344633,0.101358263706629,0.0952988234126806,0.0117821078919017,0.045818963521619,0.232328702579014,0.474591763990989,0.171147860451567,0.196161981391569,0.0117821078919017,0.045818963521619,0.397711243128538,0.464308137534596,0.0061535331783078,0.405270043329418,0.271316972625514,0.274442306397317
"LUNG-NSCLC2-0652",0.115833550605555,0.0520859109795006,0.0830930402513179,0.0837346676214472,0.0189717059069092,0.0816544047991025,0.810331472430871,0.305741000310047,0.156404573400627,0.264115977641347,0.0189717059069092,0.0816544047991025,1,0.291138193290753,0.0159705249373813,0.642182480204301,0.675323662402945,0.176923109498204
"LUNG-NSCLC2-0657",0.179109985891052,0.0745447919542381,0.0991365305195505,0.0937561127854803,0.0446526460745835,0.136527427189917,0.364682254875279,0.431789479796456,0.131846163684107,0.192789709471236,0.0446526460745835,0.136527427189917,0.7949680951526,0.410212363750299,0.0517671140357693,0.550735149393921,0.361763585120506,0.291163563646869
"LUNG-NSCLC2-0660",0.0280732713548104,0.0341961939066388,0.0581240687000626,0.053150242510184,0.0156867409660556,0.0929704620610403,0.49314286456434,0.171270647115285,0.280435214027435,0.298929504507968,0.0156867409660556,0.0929704620610403,1,0.201868486805571,0.0023157070517326,0.567508250275148,0.350684197338105,0.319437304853005
"LUNG-NSCLC2-0678",0.108945781849378,0.0712678433724695,0.103441165468571,0.0995331020674817,0,0.06330641775854,0.469232061799113,0.421296548288436,0.226631556954724,0.302706011111213,0,0.06330641775854,0.614308238874732,0.41587322455257,0,0.506269925335858,0.492713995039294,0.308045310174043
"LUNG-NSCLC2-0683",0.123401266370865,0.0658588355202859,0.0945268359892307,0.0919384323446406,0.0146994443599541,0.0380541867883801,0.557440347522787,0.38836207670115,0.184619532044855,0.229037554900212,0.0146994443599541,0.0380541867883801,0.732118342165663,0.373157133300454,0,0.418873973953285,0.410962352716289,0.323374496170332
"LUNG-NSCLC2-0685",0.186292424002149,0.0627944914608349,0.0945255705216147,0.0966440898303969,0.0289809464082268,0.131027751215047,0.496267160417518,0.408038344996965,0.218461055252733,0.262647838528591,0.0289809464082268,0.131027751215047,0.611244724811956,0.39758018439296,0.0270784661829645,0.349680730022485,0.469103337566134,0.299383064027006
"LUNG-NSCLC2-0687",0.105418549164903,0.0803554365640999,0.119001269005589,0.11268909466686,0.0144138165991311,0.047035884725216,0.517489486605157,0.369092809760994,0.105493059763297,0.237363649608881,0.0144138165991311,0.047035884725216,1,0.345057604604759,0.0038238119564454,0.538794524041153,0.431251227947197,0.289871936979045
"LUNG-NSCLC2-0689",0.0571173119897713,0.0705554107484917,0.103211921906637,0.126148411768761,0.0148653734093751,0.066019842205388,0.505793593119599,0.208566755306432,0.199159734134293,0.184344574862005,0.0148653734093751,0.066019842205388,0.662372974300475,0.193900055634096,0.0208296566776163,0.250579378706061,0.496460324881704,0.167118955861706
"LUNG-NSCLC2-0695",0,0.0674677339641777,0.109322965569409,0.102092601191982,0,0.0447416569198229,0.0769483985481048,0.0746017532258701,0.397987296744481,0.16363223918105,0,0.0447416569198229,0,0.0745535647076618,0,0.223305375207197,0.0831637040600421,0.136965146771165
"LUNG-NSCLC2-0696",0.10180986157676,0.0634255971394037,0.0985337798697538,0.093018674330059,0,0.0210417078040626,0.296598530795723,0.208287574588908,0.125234179005688,0.177419970596756,0,0.0210417078040626,0.926208631763367,0.202093278713609,0,0.18910294291263,0.229436212783835,0.209249971277925
"LUNG-NSCLC2-0698",0.038055945443419,0.0462974452204273,0.0736085540549987,0.0743030666177361,0.0135338348903854,0.101180158003761,0.450196501211152,0.204129621004031,0.20110565413242,0.214076360049863,0.0135338348903854,0.101180158003761,0.811789189743527,0.180019913240201,0.0148302841617429,0.563555914528774,0.353606746388571,0.277029999900064
"LUNG-NSCLC2-0704",0.0683738508027884,0.0707134494413108,0.101344191724491,0.0967335012920667,0,0.067789753641227,0.468393291257438,0.317569047086482,0.382748828833487,0.328470690885289,0,0.067789753641227,0.887932042512325,0.313055420725936,0.0073069285669579,0.364144465515042,0.525383270961851,0.332921724135096
"LUNG-NSCLC2-0705",0.0771060157680128,0.0597333582669837,0.0945821214922688,0.0896632979551934,0.0163513322846655,0.0379051689491366,0.558739856008044,0.329530863795672,0.182618569767288,0.252461944371297,0.0163513322846655,0.0379051689491366,0.728433102154582,0.332073811541317,0.0279459132524618,0.514064956911407,0.538181453481265,0.274584378897409
"LUNG-NSCLC2-0707",0.0874166603232939,0.0528930290793491,0.0819610682422511,0.0789445705434385,0,0.0337828581438809,0.295886422006692,0.302357598970041,0.195349763759947,0.279199388801324,0,0.0337828581438809,0.54450189034886,0.293410757796042,0,0.414450865612122,0.292069973462979,0.230435469781209
"LUNG-NSCLC2-0709",0.0614317659681642,0.0511055836047458,0.0777931706237145,0.0729966769513464,0.0099816340564893,0.0315488012466948,0.660489856992183,0.264532740395352,0.304630747092828,0.265120618524928,0.0099816340564893,0.0315488012466948,0.719881994231023,0.25512246161303,0.0204146641370637,0.356684398156306,0.304451955916046,0.337746484424868
"LUNG-NSCLC2-0712",0.0387108361076342,0.0773199615459369,0.119334191071421,0.113764385745716,0.006178068363793,0.0501169719759533,0.695547846953161,0.089355978668502,0.45038718553263,0.209506619936066,0.006178068363793,0.0501169719759533,0.969441068317057,0.0922009383055095,0,0.350276122466808,0.448113387013562,0.183290915194381
"LUNG-NSCLC2-0714",0.0490560586580927,0.057723367841617,0.0879718464967844,0.083599044787791,0.0175959332124247,0.0716898659144305,0.643183697640137,0.19787189209406,0.331656683510052,0.304354566048629,0.0175959332124247,0.0716898659144305,0.814782788648724,0.195411091949743,0.0314519275782918,0.496608949160617,0.539063441168881,0.214674238845129
"LUNG-NSCLC2-0715",0.19090759466766,0.0652407644153748,0.0914677280462418,0.0886976007342403,0.0392376850872302,0.0628722987964879,0.577572107495265,0.384256083016219,0.208882082641451,0.252660037422891,0.0392376850872302,0.0628722987964879,0.838881902327824,0.368930606430353,0.0416406006982038,0.427573362012292,0.56521038780515,0.261966149697664
"LUNG-NSCLC2-0718",0.0913458605710954,0.0761305170935889,0.0925767362649026,0.116065097642615,0.017006268448604,0.088205470995625,0.432448717621813,0.457354278017738,0.215234355234521,0.23879941867484,0.017006268448604,0.088205470995625,0.811115711877926,0.470375763063821,0,0.386959402886771,0.41401536656876,0.312295349200926
"LUNG-NSCLC2-0720",0.255762211798575,0.0728609541892419,0.107469306938498,0.101425977835252,1.33813459229691e-05,0.0324270655878519,0.577382366220242,0.326065472517522,0.159742846675074,0.239675220928161,1.33813459229691e-05,0.0324270655878519,0.977360173286338,0.314652163907386,0.0099439245613864,0.467028454388811,0.536635971919416,0.239685477890912
"LUNG-NSCLC2-0727",0.0619154565872506,0.0784902396578376,0.113135152275078,0.106811021092357,0,0.0302564111462272,0.599066613949384,0.286557615351489,0.204025891636151,0.249465889488506,0,0.0302564111462272,0.986180431221926,0.25228151311382,0,0.409435429554989,0.367456725898662,0.281925982056362
"LUNG-NSCLC2-0728",0.0417213888707155,0.0641929413379415,0.0980788571627604,0.0914797765689328,0.0085645620214026,0.0494812470696956,0.550949636501231,0.164072192327543,0.0925471687008731,0.119570401347971,0.0085645620214026,0.0494812470696956,0.647813793947598,0.136308445233622,0.0230306606208119,0.663998572348196,0.474068376752734,0.174683699793968
"LUNG-NSCLC2-0729",0.0585082452211868,0.0748550653003976,0.109001606467251,0.104392495716651,0.0196448542686247,0.0584653528751396,0.592180093993242,0.218884853560488,0.207438791922216,0.207684185399415,0.0196448542686247,0.0584653528751396,1,0.206540191579235,0,0.450559694326123,0.487540729314756,0.177714201009076
"LUNG-NSCLC2-0730",0.0312279325926648,0.0494942309574558,0.0766079172207349,0.080303178471702,0.0150996843317127,0.0602015180992186,0.526101939265176,0.166214830519233,0.243900135403863,0.267383249688957,0.0150996843317127,0.0602015180992186,0.840878770425349,0.203836000568543,0.0317797131408813,0.494657841949219,0.421271173020833,0.248791267043652
"LUNG-NSCLC2-0732",0.0959258404703335,0.0690623280334661,0.0991317810201081,0.108665106498615,0.0324467728089974,0.10703976498849,0.405323747800869,0.297817922664807,0.369571654897037,0.280714984390342,0.0324467728089974,0.10703976498849,0.77591215983433,0.327829739902221,0.0344227692014911,0.554019247079445,0.413934310588718,0.23479332499922
"LUNG-NSCLC2-0734",0.162494882952455,0.0848378277565297,0.104818106960694,0.0983008424647054,0.0441386880209616,0.112215659935625,0.209954906675105,0.272535914405205,0.121438893059827,0.13465054324191,0.0441386880209616,0.112215659935625,0.233062198967912,0.263530814835046,0.0468389163618543,0.207658217647511,0.212828634969281,0.172461607304523
"LUNG-NSCLC2-0736",0.0578112509732355,0.0741329403698046,0.101269557214885,0.0977666654994178,0,0.0461210331690649,0.723523385772045,0.271040679034933,0.224435136569872,0.225918500276303,0,0.0461210331690649,1,0.26077913529979,0.0074445620907225,0.402759242410984,0.623577091466971,0.252085126157056
"LUNG-NSCLC2-0737",0.0614708989728444,0.0615744165719552,0.0911725042787235,0.0862759878893962,0.0041055211829071,0.0364337986681521,0.305333492853051,0.376304069231929,0.31788604003099,0.331409055889181,0.0041055211829071,0.0364337986681521,0.898503011482349,0.361943128319734,0,0.5982951520001,0.289276623834564,0.277434474884103
"LUNG-NSCLC2-0740",0.021223927234411,0.0692794063375572,0.102215480272858,0.108107966230754,0,0.0390489307916874,0.313144877386916,0.0935258683576954,0.323668488965233,0.164860747621205,0,0.0390489307916874,0.90314312004111,0.105364776402323,0.0063429111144556,0.228106471347119,0.121128671822192,0.13384258380918
"LUNG-NSCLC2-0742",0.116230480322485,0.0672497201957903,0.101289073192907,0.0942227983884805,0.0087688895512993,0.0412454635116047,0.586186879154082,0.361643797814661,0.17101227372926,0.266058219656397,0.0087688895512993,0.0412454635116047,0.977241683707273,0.344633496935936,0.0150941453894249,0.348005632031834,0.452475771262785,0.300197966832391
"LUNG-NSCLC2-0743",0.101923056049485,0.0764026263768517,0.113223014516296,0.106984958681905,0,0.0343916524469633,0.288941906876732,0.346901015553874,0.130564803311211,0.255421882603679,0,0.0343916524469633,0.555129650254025,0.332950616599083,0,0.439074417399765,0.319724333476239,0.239123956277853
