"","DeconRNASeq_BPRNACan_M2","DeconRNASeq_BPRNACan3DProMet_M2","DeconRNASeq_BPRNACanProMet_M2","Epidish_CCLE_TIL10_Macrophages.M2","DeconRNASeq_CCLE_TIL10_Macrophages.M2","Epidish_CD226_M2","DeconRNASeq_CD226_M2","Epidish_TIL10_Macrophages.M2","DeconRNASeq_TIL10_Macrophages.M2","CBSX__TIL10__Macrophages.M2","CBSX__CCLE.TIL10__Macrophages.M2","CBSX__CD226__M2"
"J1_p1_rep1_B",0.0998717439136646,0.119241644985165,0.114568877716327,0,0,0.0020867525074893,0.0504229751730046,0,0.001696985394902,0,0,0.1507974289189
"J1_p1_rep2_B",0.0977513495545982,0.115093220919032,0.110684231079652,0,0,0.0014957586624678,0.0502037066450293,0,0.0031373092414399,0,0,0.140424411119493
"J4_p1_rep1_B",0.0827927413593671,0.117642962128155,0.110463246260128,0,0,0.00081642777392289,0.0399120017542418,0,0,0,0,0.0788956215758768
"J4_p1_rep2_B",0.0826128113426183,0.116904973061075,0.110018986362192,0,0,0.00087747906852416,0.0427699741507064,0,0,0,0,0.0814066784012699
"J8_p1_rep1_B",0.078634331555026,0.110404513252203,0.103480755496717,0,0,0,0.0328717549983987,0,0,0,0,0.071893378946433
"J8_p1_rep2_B",0.0787793160258717,0.106996611983331,0.100165668013603,0,0,0.00036319562998899,0.0227857587394843,0,0.0034350139813019,0,0,0.0692915571907141
"J11_p1_rep1_B",0.0794690505621919,0.0983761587332103,0.0930997216136488,0,0,0.00035000356819762,0.0145705573748531,0,0,0,0,0.06455443935787
"J11_p1_rep2_B",0.0792107514323211,0.0995253189844133,0.0944988955531186,0,0,0.0004909380001972,0.0186504463026556,0,0.00069320359974037,0,0,0.0637809877935103
"J14_p1_rep1_B",0.0815255630937699,0.0779804408940148,0.0736969010652174,0,0,0.00069798296091297,0.0046936541993607,0,0,0,0,0.0681812580379128
"J14_p1_rep2_B",0.081135585868964,0.0816158166369037,0.0770954192672085,0,0,0.001011081700736,0.0073570465370804,0,0,0,0,0.0704354642984468
"J1_p2_rep1_B",0.0800521355788644,0.0869607703765887,0.0842768776293523,0,0.0048019811391463,0.0017640105458226,0.0187588768490596,0.0082243766642471,0.0140658392318482,0,0,0.119218652666513
"J1_p2_rep2_B",0.0792716259592369,0.0867296668116519,0.0839531943916349,0,0.0044221115850728,0.0013684193861301,0.0183914638317471,0.0048462366679472,0.0137845716978881,0,9.8788526159e-05,0.117590177919559
"J4_p2_rep1_B",0.078848398001708,0.0976704470984601,0.0957667966555609,0,0,0.00010671177579126,0.0058808856735874,0,0.0060582880976079,0,0,0.096317980606421
"J4_p2_rep2_B",0.0810518168733714,0.104077544672409,0.101444902459114,0,0.001167049087035,0.00085493928166696,0.0038988243826303,0,0.0103341266511827,0,0,0.0690194998261723
"J8_p2_rep1_B",0.0742809721981403,0.101914626291863,0.0981469888816281,0,0.0013805886523093,0.00078959822989753,0.0077380262583209,0,0.0109786749953139,0,0,0.0687324647566788
"J8_p2_rep2_B",0.0765296370978831,0.107481201763236,0.10339279795885,0,0.0029232774830724,0.00087746207361604,0.0090320898367189,0,0.0122795768148484,0,0,0.0710620118347039
"J11_p2_rep1_B",0.0763729631992199,0.112153501356384,0.10277897318357,0,0.0094213194137625,0.00015340312128791,0,0,0.0201784146006266,0,0,0.0695623394002779
"J11_p2_rep2_B",0.0733633684861763,0.104856714959211,0.0984205874950031,0,0.0065275528403875,0.00059808765182539,0.0052548359754154,0,0.0167457809937869,0,0,0.0838265846841146
"J14_p2_rep1_B",0.0763855265479269,0.112415030027197,0.104937938125047,0,0.0056521548975229,0,0.0012475239020325,0,0.0158195689001528,0,0,0.0897134280975168
"J14_p2_rep2_B",0.0736380987430992,0.111917741169631,0.0970397543659362,0,0.0055624301814474,0,0,0,0.0171201535364517,0,0.00040788150563945,0.0619088267376439
"J1_p3_rep1_B",0.0852969083841356,0.0799640673238025,0.0766332275186579,0,0,0.00053151161364646,0.0073539459627387,0,0.0085318255757892,0.00054170963109375,0,0.0680189801714948
"J1_p3_rep2_B",0.0850094458991375,0.0776972801819444,0.074525052044105,0,0,0.00070113608934505,0.0072748773481813,0,0.0091161237660824,0.0059034814504548,0,0.0688013329108102
"J4_p3_rep1_B",0.081931115711017,0.0813393034355932,0.0764727296240972,0,0,0,0.0027567386693569,0,0.0127869830395717,0,0,0.0618023060153188
"J4_p3_rep2_B",0.0805960716847732,0.0817666591334062,0.0767962382302293,0,0.00010679101559958,0,0,0,0.0139755427578575,0,0,0.0618808412295734
"J8_p3_rep1_B",0.080603779316565,0.0782964428451895,0.0736865179837671,0,7.73557382108825e-05,0,0,0,0.013275502926856,0.0035636071681633,0,0.0581495266704173
"J8_p3_rep2_B",0.0815822999608974,0.0773526812226268,0.0728479820960951,0,0.00073327594440866,0,0,0,0.0124825281332904,0.0088951399483832,0,0.0569832218086084
"J11_p3_rep1_B",0.0835844414623765,0.0771556594948033,0.0729031404681963,0,0.0029349842353453,0,0.00068361435578689,0,0.0121025863993328,0.0066055202953968,0,0.0541913137144426
"J11_p3_rep2_B",0.0841553686259388,0.0800369085922007,0.0758715635536852,0,0.0060492935490724,0,0,0,0.0145460317258163,0.0079034193073908,0,0.0576739513877977
"J14_p3_rep1_B",0.0845627473807355,0.0733427762494933,0.0692140251212539,0,0.0024862124803156,0,0,0,0.0114253955252497,0,0,0.053265175736523
"J14_p3_rep2_B",0.0833112582643657,0.0726694573027717,0.0686806354141582,0,0.0054263877532347,0,0,0,0.0139686693358959,0,0,0.0567042373305423
"J1_p1_rep1_hetero",0.0593656404077413,0.0542939633579075,0.0450453613498342,0.0214324183155683,0.0316522940464985,0.0309140533523398,0.0501481351003026,0.0272671442676025,0.0393547668677678,0.0376656690194159,0.0176289233837798,0.111383487962335
"J2_p1_rep1_hetero",0.0675626948734227,0.0894805227906793,0.0773558307041312,0.0133836573948369,0.0420604463077166,0.0219810074003787,0.0915347402256546,0.0191018007765059,0.0473836992141916,0.0288680073547131,0.0219014628027198,0.106854649927093
"J3_p1_rep1_hetero",0.0750117287639981,0.102694376308114,0.0907798390210956,0.0149262417852183,0.0240496872555522,0.0221057772503983,0.0767284758785154,0.0154928712013892,0.0334037686501875,0.0266762885131736,0.0117224760732049,0.104335742460524
"J4_p1_rep1_hetero",0.071755888770233,0.102741988795248,0.0910148422221378,0.0105829876169068,0.0076181253304571,0.0200284758051564,0.0691716654302711,0.0180405562374338,0.0182120441903761,0.0290892094193753,0.0112783885296986,0.0992003220636764
"J5_p1_rep1_hetero",0.0736839764546685,0.108190741947562,0.0956500934535722,0.0122511529785635,0.0069844117774161,0.0219107301166152,0.0628450128400522,0.0180770836041896,0.0182446551863408,0.0108261875763289,0.0086088100606979,0.10029690018649
"J6_p1_rep1_hetero",0.0783132337701709,0.114147835365927,0.101680515338966,0.0104884431323041,0.0061205848809799,0.0212662302665737,0.0551890021500246,0.0159236008043787,0.0217139519881106,0.0106605413046199,0.0113697039259236,0.0921698881218494
"J7_p1_rep1_hetero",0.0789487929269909,0.114529173066739,0.103178156722004,0.0100303197017306,0.0078840632522933,0.0192540360990635,0.0560390011930764,0.0132511150991091,0.0230045707302127,0.0150012227353897,0.019323202797467,0.0882714320925473
"J8_p1_rep1_hetero",0.0783953251510606,0.11211918454052,0.0998389029199092,0.0116161925287789,0.0098875179545471,0.0143516712449695,0.0537233229222912,0.0164924076098818,0.0242524849577987,0.0146787713682681,0.0173605111940762,0.099227169386397
"J9_p1_rep1_hetero",0.0764262286841218,0.10839320269265,0.0967486871355349,0.0159153083781541,0.0102983176316071,0.0163791882068198,0.0408100517791419,0.0213425077343934,0.0223797905229068,0.0344763030126921,0.0326597506120514,0.0939283782915716
"J11_p1_rep1_hetero",0.0711360436897467,0.104929400417155,0.093903979894765,0.0056556049942496,0.0016769175683603,0.0168923789394836,0.0310302455655959,0.0182617195760164,0.0141069309158116,0.0122532935421847,0.0049198004972923,0.0963885809125014
"J13_p1_rep1_hetero",0.0790515152511073,0.114188641929674,0.103244090039622,0.0046959734081572,0.0007024166423472,0.014982111165115,0.0302363556565867,0.0107746905064917,0.0146759764787068,0.0091312625337519,0.0074649698373363,0.0894453788441346
"J1_p1_rep2_hetero",0.0592734196762604,0.056601602664982,0.0472070909286663,0.0200704987205229,0.0363397495389424,0.0289518491623927,0.0614254472215707,0.0285537637637426,0.0433627008869671,0.040818974283094,0.017229203619899,0.110717758229164
"J2_p1_rep2_hetero",0.0682935036102683,0.0906061370768489,0.0786191687470052,0.0155244190378853,0.0430932184192203,0.0238513239615667,0.0968687690618007,0.0209079460634869,0.0483457003284165,0.0501295686993631,0.0095738123415376,0.106212388752832
"J3_p1_rep2_hetero",0.0740588215828373,0.103805472720009,0.0915818510845193,0.0165472214876812,0.0250007932033352,0.0253168273022711,0.0789636101999579,0.0194974865327557,0.0349345670913144,0.0473211728443064,0.0149874757941144,0.101616158764449
"J4_p1_rep2_hetero",0.0716989572198465,0.103365834827606,0.0918038738475559,0.0135619856321204,0.0085465850155102,0.0206204558602943,0.0699170875741507,0.0210349356239682,0.0192588570716356,0.017164936840463,0.0115099040605767,0.0918349326236374
"J5_p1_rep2_hetero",0.0726415459124052,0.107104243204871,0.0945898491786052,0.0096487241821514,0.005962054929635,0.0225946577755878,0.0623921224720339,0.0171312540809589,0.0179664317546081,0.0084695044274338,0.0086871417828764,0.0968619343362802
"J6_p1_rep2_hetero",0.0780616935382291,0.113423004919164,0.101370132548533,0.0106230049851461,0.0067179628561708,0.0212581792211872,0.0610309474390597,0.0145278380006309,0.022316331080822,0.0096190950756119,0.0066357974861841,0.0919236005768183
"J7_p1_rep2_hetero",0.0791675342915379,0.116063112774594,0.104679189634999,0.0129243894302199,0.0067289433131977,0.0194777450515576,0.0579874777774885,0.0158189792245886,0.0219484093351175,0.0144745368385609,0.0105988983092803,0.086191508247925
"J8_p1_rep2_hetero",0.0781002798816932,0.112723266407538,0.100686283191673,0.0121509395872672,0.0088742284862934,0.0166567774616386,0.0581095194841965,0.0181286012902339,0.0232068846148973,0.0070857168812908,0.0159740301484596,0.0877456486715613
"J9_p1_rep2_hetero",0.0756654512428244,0.107154620219303,0.0956509198023011,0.0160519491571048,0.0095182123962712,0.0159680433663761,0.0417792029384578,0.021918745838038,0.0216655012375712,0.0340164592776692,0.0324568312064913,0.0961499047784809
"J11_p1_rep2_hetero",0.0722300195599112,0.10652890313535,0.0954490246745715,0.0051503855801267,0.0028886652136601,0.0160800564662689,0.0330314010387225,0.0174495530630976,0.0150130578840985,0.0073374057983056,0.0057282411416064,0.0907757222139517
"J13_p1_rep2_hetero",0.0806774827871608,0.115999761952542,0.105071763795332,0.0089005151667613,0.0008427368599149,0.0147532970358251,0.0328278446835934,0.0189681497463191,0.0149385730735696,0.0100416581929811,0.0067152400692836,0.0918644730007696
"J1_p2_rep1_hetero",0.0330696176590376,0.0626577595910061,0.050687843111691,0.0163813684971465,0.0342889472588981,0.0069668900998864,0.043118222340831,0.0248675086239266,0.0436542379852552,0.0235039961309977,0.0180283465764391,0.0919509859482191
"J2_p2_rep1_hetero",0.0502192014324542,0.0941619830642754,0.0769623004619971,0.0373630751609046,0.0253026578633908,0.0101411321701624,0.0546081714345206,0.0423344921607804,0.034351857138496,0.0124823051170671,0.026479932420937,0.0715630126398894
"J3_p2_rep1_hetero",0.062717196005309,0.108328138369488,0.0897623315029102,0.0286091117261222,0.0185527937032616,0.0125014427348262,0.0510292652887724,0.0299501444533293,0.0292911346197214,0.0281990198336446,0.0342304757048196,0.0752333354596531
"J4_p2_rep1_hetero",0.0631428370269932,0.111611248540064,0.091666270388195,0.0274331622253329,0.0182628790248708,0.0171153852894995,0.0389559127762111,0.0396651181414275,0.0368166504037138,0.0318810201338808,0.0180322756937596,0.086712915246469
"J5_p2_rep1_hetero",0.0650712793697239,0.115785299271584,0.0981215971940808,0.0184529943372165,0.0135744452616856,0.0171026907970577,0.0395645491196009,0.0288321939495556,0.0376528962309521,0.0165607519217346,0.0149856479873478,0.0792042849560349
"J6_p2_rep1_hetero",0.0619334942623353,0.110811950706764,0.0954192900372908,0.010279568473835,0.0180787754940755,0.0150897299191308,0.0468215563389767,0.0181649254443368,0.0378964950715744,0.0169342442061596,0.0154062142679491,0.106177610687166
"J7_p2_rep1_hetero",0.0625175196547953,0.111185425196047,0.0974830168203282,0.0083638100421521,0.0258357138651394,0.0127163541862213,0.0483134976027319,0.0159977454593245,0.041328323286888,0.0078936287610248,0.0334917982747181,0.0944626875709992
"J8_p2_rep1_hetero",0.0613471141260292,0.106691108993948,0.0930992989594438,0.0084128723032301,0.0274721766822356,0.0095359389215079,0.0470118398509568,0.0182871826541081,0.0408669833697805,0.0079535645875536,0.0241312429535799,0.0927623471945731
"J9_p2_rep1_hetero",0.0630802146093074,0.103735458152,0.0908602874469844,0.0136282196511724,0.0372730080755664,0.0113298747820799,0.0501324803798853,0.0160187869579556,0.0493247954217564,0.0447100862425868,0.0224134572772744,0.0675177195980578
"J10_p2_rep1_hetero",0.0602486189166348,0.10281066543097,0.0896432420378099,0.0145593010360584,0.0237871827990585,0.0112987390458429,0.0506835130968691,0.0215462788747513,0.0356152635428917,0.0109138014481832,0.024250443497106,0.0920288187397196
"J11_p2_rep1_hetero",0.0613779093035371,0.0959860469459986,0.08380083583817,0.0182677266038945,0.0260570088397589,0.0101039661107706,0.0586256556343459,0.0206722219379719,0.0382984381785092,0.035213915918483,0.0230599316617094,0.0950663628279538
"J12_p2_rep1_hetero",0.0599240510349775,0.0971161009103404,0.0856778744551339,0.0136939030500095,0.0273051920598537,0.0115712832078325,0.0531268105401504,0.0198844421597264,0.0392864230228173,0.0131906926794224,0.0090864461782408,0.102616136653621
"J13_p2_rep1_hetero",0.0592980784927644,0.0944811868927112,0.0824521895838009,0.0151556195693963,0.0322197143292926,0.0087937548633596,0.0440850768039496,0.0254196907404209,0.0443456829563364,0.0339267482708544,0.0220847075796102,0.0956147803749076
"J1_p2_rep2_hetero",0.0348149053394262,0.0634032033600787,0.051715533572759,0.019950944433595,0.0378096669690948,0.006966080642452,0.0464911034135551,0.0330460979205534,0.0473127723923506,0.0453557859123417,0.018421262182355,0.071628248612443
"J2_p2_rep2_hetero",0.0511415363546993,0.0936015303036161,0.0766112855067857,0.0314169311079959,0.0262128623290959,0.0095324940298466,0.0597430305863901,0.0349986773816691,0.03532839807039,0.0262498482600908,0.0278244586097736,0.0698707464366647
"J3_p2_rep2_hetero",0.0633735650597639,0.108150144357686,0.0899439897266988,0.031839474447341,0.0194070672304899,0.0118804153290097,0.0541136462569563,0.0307064865287945,0.0294637622050773,0.0245202924793004,0.0343322340693965,0.0727422365278714
"J4_p2_rep2_hetero",0.0621064125017719,0.110778411915433,0.0905592430507264,0.0312896517230146,0.0158272829655017,0.0174579906968329,0.0401601076603535,0.0416116990319911,0.0335361973820284,0.012714453854654,0.0436527414975288,0.0879315981269047
"J5_p2_rep2_hetero",0.064222694970514,0.115405069947362,0.0982469438768779,0.021786619174558,0.011554655060294,0.0179101122377272,0.0455831893017712,0.0270515221431905,0.0353557799738761,0.0100939825695261,0.0216834131259611,0.0826223206733914
"J6_p2_rep2_hetero",0.0613556836969477,0.110303606044275,0.0951257071514856,0.0095676669348409,0.0202284170419784,0.0150248295195303,0.0511949627821915,0.0177182109377686,0.0408686146820565,0.0070907381061627,0.0197532070202871,0.107302315622038
"J7_p2_rep2_hetero",0.0632736028009443,0.112495317970344,0.0989125749716189,0.0112732008510693,0.0247501763192538,0.012701269362867,0.0525831950471488,0.0240482798069736,0.0404508898670237,0.0226830217484509,0.023247077350682,0.0946443729623267
"J8_p2_rep2_hetero",0.0614206154770785,0.107502215540773,0.0943653168614757,0.0071867260902144,0.028577016741488,0.0098820248083867,0.0499218137098629,0.0172447169973031,0.041921211440117,0.0116212050519694,0.0252192551683541,0.0945597820052049
"J9_p2_rep2_hetero",0.06360458373847,0.104688619229835,0.091835400881756,0.0137746562690172,0.0385348525230839,0.0107033484034479,0.054679976659482,0.0185957944528223,0.0505680398685044,0.03850034636757,0.0273599739497314,0.0664696078304328
"J10_p2_rep2_hetero",0.0599453086040209,0.102386184781868,0.0893709043047105,0.0157861226247281,0.0239651522908222,0.0097652159120448,0.0562306607310767,0.0209010299265531,0.0362619069303542,0.0127856083810556,0.0196428167398365,0.0922199538916651
"J11_p2_rep2_hetero",0.0600982256215242,0.096609662601413,0.0849603915045414,0.0165761331300627,0.026397520784216,0.0098287169062181,0.0616307047813873,0.0199332016074679,0.0386727055576223,0.0319340417413222,0.0224773054555365,0.0959486198950774
"J12_p2_rep2_hetero",0.0609994793704615,0.0996968154023046,0.0881637086612192,0.0180968737943076,0.0281205534162477,0.0110392063075977,0.0574773317766948,0.0236158853926538,0.0403123897924427,0.0114492293667186,0.0167582567289037,0.0955208495441121
"J13_p2_rep2_hetero",0.0598091073347509,0.0963944152126032,0.0843005008780737,0.0212961948364833,0.030110977111311,0.0087599636639058,0.0481703810183926,0.0290883848541544,0.0423105168527906,0.043468809079027,0.0287975385057343,0.0951639574752838
"J1_p1_rep1_auto",0.0925192804204443,0.102152009809282,0.0983963244371895,0,0.00031927028265506,0,0.0485956271682274,0,0.0042648486195384,0,0,0.118637164065961
"J1_p1_rep2_auto",0.0872982711779254,0.092305530198423,0.0889623070669166,0,0,0,0.0436597309096769,0,0.00062874194993192,0,0,0.135953163530683
"J4_p1_rep1_auto",0.0786912100356622,0.0961564868786961,0.091453417033881,0,0,0,0.0475971432904206,0,0,0,0,0.0655687520292415
"J4_p1_rep2_auto",0.0776070270191087,0.0934054241319367,0.0887328284783526,0,0,0,0.0466451660444711,0,0,0,0,0.0602399686667908
"J8_p1_rep1_auto",0.0758637876628206,0.0819491079100898,0.0785054863690051,0,0,0,0.0427221572723509,0,0,0,0,0.0647115429013997
"J8_p1_rep2_auto",0.0742793913780452,0.083852245593245,0.0801740142741555,0,0,0,0.0397569866007548,0,0,0,0,0.0750976723272749
"J11_p1_rep1_auto",0.0761943321276871,0.0800545551773268,0.076172482010049,0,0,0,0.0333981878882604,0,0,0,0,0.0586425888899153
"J11_p1_rep2_auto",0.0739863017814256,0.067033351589303,0.0635415485072304,0,0,0,0.0212993978792631,0,0,0,0,0.0551481475946353
"J14_p1_rep1_auto",0.0781023424698693,0.0782413787669644,0.0748044725304043,0,0,0,0.0338493907831444,0,0,0,0,0.0521578371534219
"J14_p1_rep2_auto",0.0772049779435457,0.0817488915190077,0.0775390832702801,0,0,0,0.0248693891032088,0,0,0,0,0.0917728216475867
"J1_p2_rep1_auto",0.0737796415490458,0.0775142839989242,0.0748579354621167,0.0117656208617939,0.0043321571279608,0,0.0167164112171725,0.0111476222005479,0.0134164521899776,0.0111072593671579,0,0.112677144262079
"J1_p2_rep2_auto",0.0755563015692757,0.0831985827397299,0.0805231310862714,0.0098092512340415,0.003492785046911,0,0.0191917920963345,0.0076153574778668,0.0124705330587236,0.0012393479210241,0,0.112437409305447
"J4_p2_rep1_auto",0.0735227516384455,0.0894923699688793,0.0872650918397974,0,0.00026007680129273,0,0.0169584691258928,0,0.0094493264742296,0,0,0.113908722093268
"J4_p2_rep2_auto",0.0746500661454162,0.0927029600525065,0.090047963938328,0,0,0,0.0175097246111428,0,0.008562182396625,0,0,0.126572945661309
"J8_p2_rep1_auto",0.0684967033328865,0.0925776509398152,0.089795584967158,0,0.0022760287972351,0,0.0260663980771435,0,0.0131523488157453,0,0,0.0760099715651607
"J8_p2_rep2_auto",0.0705589355932182,0.0985331590359705,0.0952385177175288,0,0.0019396023477092,0,0.0242802953487643,0,0.0131031281501794,0,0,0.0691579814031882
"J11_p2_rep1_auto",0.0665043496455669,0.0834361803768131,0.0810887236923697,0,0.0037756203216214,0,0.0217499928956876,0,0.0136482053986056,0,0,0.110709541324669
"J11_p2_rep2_auto",0.0700332694598665,0.0909608565007676,0.0885867286698454,0,0.0020897229844224,0,0.0151917912423745,0,0.0120674069111789,0,0,0.0960838380998401
"J14_p2_rep1_auto",0.0712444801451779,0.0838039774850555,0.0820629632686622,0,0.0028619867175447,0,0.0207763154267673,0,0.0129363932706814,0,0,0.105932137401735
"J14_p2_rep2_auto",0.070318415694474,0.0832553152332062,0.0807115540597244,0,0.00198080756535,0,0.008971157337415,0,0.0122934963608346,0,0,0.099184245947514
"J1_p3_rep1_auto",0.084236107414724,0.075747327076836,0.0728418368874492,0,0,0,0.0104310814997853,0,0.0067940576317312,0.0087089805767017,0,0.0623173135859277
"J1_p3_rep2_auto",0.081532282697451,0.0690337634790095,0.0660876840499858,0,0,0,0.0025205115476116,0,0.009126037196539,0.0172614548502262,0,0.0600459319528579
"J4_p3_rep1_auto",0.0807849972216869,0.0746048005068805,0.0698078244129683,0,0,0,0,0,0.009595147559596,0,0,0.061097186124626
"J4_p3_rep2_auto",0.0825095667812046,0.0760449950312459,0.0712033723054348,0,0,0,0,0,0.0094609673213951,0,0,0.0523484988607607
"J8_p3_rep1_auto",0.0822718783402484,0.0752408977799528,0.0705639226599628,0,0.001720398776151,0,0,0,0.0120440632991661,0.003010535581002,0,0.0503609592243361
"J8_p3_rep2_auto",0.0834417675605321,0.0804440183187026,0.0750660770161906,0,0,0,0,0,0.0098507822194277,0,0,0.0548473221384286
"J11_p3_rep1_auto",0.0822395796966213,0.0777438933690534,0.0728752936699451,0,0.0020598263763228,0,0,0,0.0111673902802165,0,0,0.0493903310786578
"J11_p3_rep2_auto",0.0843229435568721,0.0764288530305687,0.0715669718236576,0,0.003139890366117,0,0,0,0.0127511577570935,0.0055472908857821,0,0.0510136835834579
"J14_p3_rep1_auto",0.0880121701064675,0.079698744062627,0.0749807956089755,0,0,0,0.00032137511910773,0,0.0060745537517745,0,0,0.0576369339079349
"J14_p3_rep2_auto",0.0780149267126708,0.0821614054588856,0.0773471780257769,0,0.0057311208109522,0.00038278333813428,0,0,0.0126573841591113,0,0,0.0787722591509785
