"","Quantiseq_Macrophage_M2","DeconRNASeq_BPRNACan3DProMet_M2","DeconRNASeq_BPRNACanProMet_M2","Epidish_CCLE_TIL10_Macrophages.M2","DeconRNASeq_CCLE_TIL10_Macrophages.M2","DeconRNASeq_CD226_M2","Epidish_TIL10_Macrophages.M2","DeconRNASeq_TIL10_Macrophages.M2","CBSX__TIL10__Macrophages.M2","CBSX__CCLE.TIL10__Macrophages.M2","CBSX__CD226__M2"
"LP.01.01",0.0748189951289056,0.107521043395146,0.111955366801142,0.210684718639115,0.105944004133971,0.0629743858568368,0.221278840113077,0.124800627731963,0.205899009006035,0.286841385709134,0.118462113449622
"LP.01.02",0.0996959158728639,0.11122488085071,0.117214773135751,0.251792173507955,0.0588375292367926,0.0608433002484136,0,0.0698984582731307,0,0.167604015258352,0.1625388071523
"LP.01.03",0.109209416454965,0.116971143678029,0.121317900701982,0.311747592866847,0.0814497114988929,0.101976152908739,0.0657529028765355,0.0923385275053494,0.128052622441926,0,0.267076546415924
"LP.01.04",0.0663405941374228,0.102167487092084,0.114726387632092,0.0204103900835788,0.0942911550035459,0,0,0.129236527832151,0.254661914232061,0.0680632270909492,0.10262770292
"LP.01.08",0.0861659723760187,0.0984286590483056,0.110196477717688,0.0405409544073133,0.0953126817904534,0.074675291757738,0.0148206894494132,0.119498885516213,0,0.153075398263985,0.180937673713196
"LP.01.10",0.0868731424836315,0.084950997689852,0.0885272773264989,0.119027169714102,0.149582581788023,0.0391508547671151,0.158450409574908,0.172290526235589,0.118428386022711,0.15986938668644,0.144128452931672
"LP.01.12",0.101939755285167,0.119411581387959,0.127115264878095,0.135686678202253,0.0866463041516029,0.113473880879295,0,0.0915716637736671,0,0.0871776265295396,0.309124470925949
"LP.01.14",0.0814172098444662,0.0851402288691863,0.091902501844566,0.0593305930521615,0.0488897182581095,0.0207550174902815,0.100390549033996,0.0752612762406438,0.0734732626688856,0.0239132799984307,0.160507429357321
"LP.01.15",0.0811657114214696,0.0901399688301477,0.115741994127004,0.150564000833045,0.0840435835750807,0,0.286131143953327,0.107598340415081,0.123740225686609,0.0757043747519091,0.106186655936631
"LP.01.16",0.10357232963906,0.0898933583653783,0.100367839413079,0.0017613504143378,0.0910805136020676,0.0140594597758188,0.0436641484078389,0.130337513348455,0.0414005115798546,0.0263801582388008,0.251527514396265
"LP.01.18",0.067068748128684,0.0957940901887053,0.0993403386753521,0.110696022173402,0.0355626335266943,0.00716968881557661,0.124993545090333,0.0651424299217733,0.11721418843744,0.0648085683497585,0.14706783040469
"LP.01.19",0.0721476809698195,0.108288277811669,0.109913012017371,0.0427330695700705,0.0727884887445169,0.0606315205406551,0,0.0950233169507277,0.0946112278011831,0,0.238615997887442
"LP.01.20",0.0381204151136289,0.0863945097484229,0.0926259127151091,0,0.0478257367507736,0.045072842706971,0,0.0634690641900461,0,0.00340829491400177,0.210695752399485
"LP.01.22",0.0932441350021567,0.113697408998031,0.11195192635525,0.309701642765725,0.101589283050379,0.0812012404984583,0.485377262192793,0.128417731140825,0.414350707176276,0.159321420722963,0.168010685062636
"LP.01.23",0.072823058172944,0.0992558420859788,0.104292836795932,0.0360280805341027,0.103358380024799,0.0262606294126229,0.00582063912532608,0.127181002949088,0.143077099007971,0.00286577801838388,0.176911875999713
"LP.01.24",0.0764276942868224,0.0918652430022103,0.0963764494663166,0.175653219884773,0.0612217063299686,0.0974822963827717,0.0256620771537358,0.0696545479297851,0,0.281437692258547,0.277851705886497
"LP.01.25",0.0928555267883845,0.098036093356869,0.104363842835242,0.135678810664154,0.0501755012722706,0.0363242834901116,0.0543009527482769,0.0654817166601016,0,0.00087898540118153,0.220140998403835
"LP.01.28",0.103115121026923,0.112065650118652,0.11888714637053,0.462333875025323,0.131255637652125,0.102607682615855,0.366788714103751,0.143420640044009,0.288350370840255,0.470231512847331,0.268681053804241
"LP.01.31",0.0993260879785858,0.109172255176365,0.113423854930326,0.287937914088097,0.0771440583226796,0.0478496726497729,0.102528723529298,0.0970944275926234,0.0868110963405247,0.274140499863056,0.167578410139768
"LP.01.32",0.103230519600766,0.0894172147019235,0.0958349608352699,0.0524147947741355,0.118768869182324,0,0.0186845836151962,0.154989527511335,0.113464443302945,0.0806322003617603,0.148851104397014
"LP.01.34",0.0876870934823079,0.0984984037229307,0.105934366900465,0,0.089951424420342,0.00399600597735846,0,0.135048870076357,0,0,0.216316583513503
"LP.01.35",0.0949960860353513,0.0881580327028498,0.0957137733608785,0,0.0820609522757603,0.00581592381270199,0,0.0943951919166035,0,0,0.291124798723616
"LP.01.40",0.0158984747637315,0.116276681236496,0.124875717349743,0.00357248531988029,0.0203553634326325,0,0.126828416560308,0.0530970516911445,0,0,0.155179774864169
"LP.01.42",0.0340995861438463,0.0837558306807717,0.0915293225171607,0,0.0384862824694784,0.00164533896944822,0,0.0702997888622019,0,0,0.163699166433478
"LP.01.46",0.157874782822529,0.0961885383258483,0.0996181735906094,0.211785622697311,0.182252300457972,0,0.136613703516452,0.205254677356466,0.186767426486044,0.300141462701717,0.0914691491572254
"LP.01.47",0.116454228242003,0.0951565243023572,0.10617722857792,0.0570885024881298,0.154043751485247,0.0161821618656659,0,0.174734642684717,0.0302344760163456,0.133857328884721,0.155712996840919
"LP.01.57",0.0680888695908376,0.0823815038091571,0.0922582333620061,0.0361861000534651,0.0642567579184742,0.0448585508218743,0,0.0768571305359,0,0.0320606837259284,0.25613199324891
"LP.01.58",0.0765911627038637,0.117947837714069,0.127365655511057,0,0.0819696984085478,0.00369721520174472,0,0.122177111839852,0,0,0.148529772730502
"LP.01.61",0.0506724966572904,0.113445816415575,0.11612496904092,0,0.054521093777451,0.123211194005456,0,0.107082324989859,0.136797359163478,0,0.301780801748046
"LP.01.64",0.0407593350444033,0.098554155996606,0.103698225958222,0,0.00688287092681058,0.0468392309170499,0,0.0450886360584158,0,0.0459021769089662,0.181966761986141
"LP.01.66",0.0593361206207161,0.0878164094910793,0.094047720082722,0.019320516713408,0.0504524413148924,0.0320952579549347,0.0147296407135638,0.0736498212333253,0.169570823005868,0.0771832824582874,0.221383898360384
"LP.01.67",0.0888280786162884,0.110371576629708,0.11556080444138,0.0685983369071576,0.0626116349295371,0.0717224671586226,0,0.0761538301501668,0,0.0354739160591466,0.110152621241167
"LP.01.68",0.106455837814426,0.115706810835483,0.121433034685806,0.25458700881879,0.0537817724945708,0.0861856800020646,0.147336974388969,0.065942793227651,0.0813459146494611,0.12022674240886,0.257564855667223
"Test.FFPE.01",0.0773863527723223,0.083042903635779,0.0923482163413628,0,0.0651895484708205,0,0,0.113209013886584,0.0447144490131475,0.0469167533655963,0.120860976412635
"Test.FFPE.02",0.0507371245726869,0.0740701515703191,0.0866435095595104,0.0249890293160308,0.0385419956508138,0.00565397892257607,0.025084811803759,0.0624638052804087,0,0.0381092590942263,0.136064390116547
"Test.FFPE.03",0.0858570523412684,0.0833008329359198,0.0843493628285694,0.2022107746835,0.0896438269174791,0.0361288737179726,0.136736016340513,0.0987270512052721,0.191571653772206,0.19715110453839,0.156753267336817
"Test.FFPE.04",0.0675687655213891,0.100462113000988,0.118448599118444,0.0984719026773229,0.105641283146701,0.0285417266364817,0.203713606004092,0.133073628439627,0,0.270947826819242,0.132315957323265
"Test.FFPE.05",0.0439755409547953,0.0955652769571318,0.102852400037008,0,0,0,0,0,0,0,0.134633721779688
"Test.FFPE.06",0.0309482435993463,0.0837128467118597,0.0880614522591507,0.0395062729929109,0.0540959361014914,0.082488366061899,0.0688966586146273,0.0999905760882066,0.272138122390442,0.144446204521828,0.228229536411528
"Test.FFPE.08",0.0329627164799475,0.0943192470810945,0.0988562314785048,0,0.0343742556360663,0.039642195320736,0,0.0563499277247835,0,0,0.158604072977939
"Test.FFPE.09",0.0260225081879603,0.104714189308991,0.113998853805677,0,0.0327492024067713,0,0,0.0705393454034975,0,0,0.1630929519557
"Test.FFPE.10",0.0914915314578579,0.0925862518259658,0.0968708218705281,0.107792121386314,0.0684005320934697,0.00854256546914011,0.273564042315724,0.0941054765556137,0.0965884346044634,0.0584938452474708,0.187754602603157
"R3388_YZ_1",0.0809563808823107,0.159360936397479,0.160017622788761,0.190619673228027,0.0923142734535481,0.0793454337177165,0,0.0951264740531878,0,0.248920015607186,0.168614401282005
"R3388_YZ_2",0.115372675346219,0.139516807175038,0.140474236958072,0.354300141999779,0.0574318458387971,0.0890179537596116,0.288196521284033,0.0647902596031216,0.367039589468174,0.35941361514335,0.30919313537263
"R3388_YZ_3",0.0757988942414507,0.163979793132678,0.166184540738519,0.173519343326659,0.0632474542611108,0.146697604080953,0,0.0717866021948842,0,0.202073399663311,0.197883306963375
"R3388_YZ_4",0.0940781519413453,0.118759702025035,0.114256531864361,0.301804642016755,0.119505877939595,0.0101396703415239,0.221763474942073,0.157375224505272,0.00466319385022045,0.404291795726547,0.180027124728398
"R3388_YZ_5",0.0630276811268354,0.122685989784011,0.123312443695999,0.0197330882135168,0.118584924834149,0,0,0.15461400190917,0.0253954197802695,0,0.149338519504115
"R3388_YZ_6",0.0183010633677242,0.175743521992148,0.174495896676979,0.0300167201952782,0.0087227126411863,0.036552370012226,0,0.0267472267868527,0,0,0.0564694282392661
"R3388_YZ_7",0.122913307028173,0.151074146669704,0.153042466934874,0.227027563673642,0.0949645976866114,0.100358347455879,0.0660681097368312,0.103954919630827,0,0.211516816129506,0.245502277886617
"R3388_YZ_9",0.0598826419309302,0.104698082934772,0.105634400836036,0,0.0367337155494155,0,0,0.0812428932895312,0.0619335212563322,0.0135261153244697,0.178082371591747
"R3388_YZ_10",0.10885350850982,0.158238900561808,0.159194765792693,0.203751852295523,0.131538390260552,0.113434469920183,0.0785811913491835,0.132514185831003,0,0.148769532185916,0.0735977377588497
"R3388_YZ_11",0.127613060306618,0.148768977043865,0.145212355792483,0.167508028883412,0.134278383181917,0.0425647470301576,0.338617696457926,0.154587279903246,0.125984836980386,0.19430888308735,0.199499055351553
"R3388_YZ_12",0.0809247314937653,0.112684352440163,0.112975576086743,0.0632911972784742,0.0847141783008669,0.00437432107717188,0,0.0958724056279653,0.150649933283134,0.0520672018204919,0.147982114084449
"R3388_YZ_13",0.0828501934098169,0.129423779172802,0.126141784852751,0.21503017753781,0.0515684195842034,0.0383060346646673,0.177651748489217,0.0719328515726236,0.0145083567444366,0.0174145443215296,0.256763390506787
"R3388_YZ_14",0.0605274459378365,0.119259005842625,0.116312764097515,0.06965216878021,0.0414706470488127,0.0620567303392034,0.138998971953585,0.0684017151356386,0,0.124523258054677,0.142625531137153
"R3388_YZ_15",0.0473823067970537,0.142749567450721,0.142609851117224,0.107681099066899,0.0928974237395834,0.0403419772276253,0,0.106525137256524,0,0.122141119738749,0.1501401535797
"R3388_YZ_16",0.0702491171846416,0.12843323115202,0.128366584353088,0.219985177889084,0.0733542225096295,0.0916914146553661,0.0487950419287412,0.0726597026751014,0,0,0.33452299096296
"R3388_YZ_17",0.0538939897543552,0.136199975777405,0.138677662227561,0.00332121690640852,0.0954398054682852,0.0421695453738559,0,0.107856167924977,0,0,0
"R3388_YZ_19",0.0525776421249607,0.102891911344995,0.110514163683658,0.00202279478202484,0.0715843990608137,0,0,0.103614619492709,0,0,0.101076533940904
"R3388_YZ_20",0.0893405012398453,0.142435424567364,0.142916899633873,0,0.101392453523017,0.027621782731847,0,0.173270049406829,0.1381156138154,0.0155344939785471,0.181191352885321
"R3388_YZ_21",0.0758193045851437,0.118576104776663,0.118642579024167,0.0512969265360723,0.120778151529806,0.0606743387825361,0,0.130809471386089,0.124471341778429,0.11512475999529,0.148896573911635
"R3388_YZ_23",0.0677052106101386,0.151635646806979,0.149269667437104,0.146256520124272,0.0531424202546837,0.0112895102863834,0,0.0667041196207532,0.266958845170126,0.160489596802889,0.164264871423978
"R3388_YZ_24",0.0722640754325019,0.113315422237343,0.113571758587227,0.274568348241945,0.0793977020469093,0.042158743893329,0.152234940867247,0.0889477926595784,0.0372583924469142,0.275622290980543,0.199717389558464
"R3388_YZ_25",0.0552762533538232,0.141442846210232,0.144047134987362,0,0.04115882445509,0.0897827980355324,0,0.0519618002392687,0,0,0.314436270301537
"R3388_YZ_26",0.0885033053887124,0.155986269934127,0.158951051597411,0.253472314713707,0.121462173791492,0,0.152497228881315,0.12209124072214,0.278585842174467,0.315705428854258,0.347235010110865
"R3388_YZ_27",0.0900430104604055,0.131789900082093,0.131965268754948,0.347911396078108,0.0516189415988903,0.0167320960439297,0.195851613845579,0.0631546211775287,0.105294962050529,0.341950224759064,0.177021227143116
"R3388_YZ_28",0.0760019003804067,0.109565907682743,0.109326497712567,0.0486736934200509,0.059777075093135,0,0.0196889583806816,0.0913087348817385,0.0969745924941795,0.136235118520244,0.251301378855139
"R3388_YZ_29",0.0225598471761019,0.138091988237773,0.139873055322907,0,0.0699968494520858,0.0262012077734828,0,0.086720342494902,0.088544869757889,0,0.119182557525077
"R3388_YZ_30",0.0659540550085178,0.149024635737096,0.152258948782924,0.0828040040505474,0.102865084296027,0,0.0832470823129079,0.137076375960806,0.498102178441021,0.0505990164066184,0.261671452216182
"R3388_YZ_31",0.0674102629933748,0.144868254896953,0.148836853952622,0.000492161353286996,0.127047293786149,0.0606802186489716,0,0.145789761934608,0,0.0409663218760486,0.107982983987685
"R3388_YZ_32",0.0614726192298302,0.146763225818148,0.147449259263264,0.00216230589492158,0.0742655119449366,0.0644283362643425,0,0.0813641681834082,0,0,0.312945867493428
"R3388_YZ_33",0.0514049454094635,0.145727985486644,0.147598402138371,0,0.0826683174594405,0.0598804083915817,0,0.0923346193447548,0.0296080824790883,0,0.0946576779197858
"R3388_YZ_34",0.0678052594005167,0.126308103982491,0.126868753777952,0.163386622641414,0.0864923914307419,0.0861678330159002,0.088826696697626,0.0966479476128531,0,0.0925100612506568,0.160194687660822
"R3388_YZ_35",0.0582465040893765,0.123596845123874,0.12698447494949,0,0.0686485047925987,0.0067277612565782,0,0.0768866382887666,0,0,0.0249488624786371
"R3388_YZ_36",0.0351808383591472,0.130954103010067,0.134697761442039,0,0.0611946821853703,0.0224121065681476,0,0.0743753757184626,0,0,0.128644014765487
"R3388_YZ_37",0.106391419461539,0.125328972451323,0.12501801497474,0.13191568292603,0.121514494463932,0,0,0.135347641167284,0,0.150201411671842,0.360396062363164
"R3388_YZ_38",0.0795576274934085,0.109292850606515,0.111197342983771,0.0835518169658762,0.0485051412362801,0.0423157365356206,0.0455794409640731,0.0537898621640638,0.0417975458986006,0,0.143885138120119
"R3388_YZ_39",0.110905691990628,0.129925259697695,0.128275122632362,0.177477455706396,0.0761206398927475,0.0643306173941381,0.0673346654006249,0.0933343448932027,0,0.152268155220509,0.170940915302483
"R3388_YZ_40",0.0461445299292131,0.0763281857382583,0.0733047004733396,0,0.0598085795679201,0,0,0.130434038210626,0,0,0.0990070991252191
"R3388_YZ_41",0.0819389394204933,0.145967377097964,0.146755433790504,0.0589004622967808,0.0383009417239069,0.0899922842709058,0,0.04474906205641,0,0.0350998867452966,0.0559215084270413
"R3388_YZ_42",0.0847134641469923,0.13682032019135,0.13481068408288,0.111102897531931,0.116677171968788,0.0957050804533013,0.133410014017999,0.159874709127711,0.145643940880017,0.0625764038424111,0.177149081426956
"R3388_YZ_43",0.0592462054829641,0.134461559693338,0.134562457155424,0.0403396785334323,0.0701128606419998,0.0554150554490526,0,0.0850944657674482,0,0.0862483650323342,0.341586485109093
"R3388_YZ_44",0.0727300979643035,0.13179996949714,0.132282933918667,0.0412158049637113,0.0659351465150294,0,0.0451378272972532,0.103224549957942,0,0,0.243653322481609
"R3388_YZ_47",0.0635292115359148,0.152478682534918,0.151338512810704,0.0744193848869689,0.095590039826701,0.040743009286368,0,0.109707238660089,0,0.119566228869078,0.224553479399126
"R3388_YZ_48",0.0692700947797613,0.131822555931282,0.13728116794739,0,0.0523938937922499,0.0229510578005707,0,0.0825985752816117,0,0,0.0595752249231822
"R3388_YZ_49",0.0934344478701007,0.12583315171807,0.127325342566297,0.157832516589295,0.0876003334181693,0.0520465262863257,0.108918627684686,0.1033183850989,0,0.118371581612549,0.128802774190015
"R3388_YZ_50",0.0696395524586403,0.127010585235566,0.126263735201256,0.176299775555023,0.0893543479327539,0.037196652146834,0.100316051741937,0.104000548362872,0,0.135379207884356,0.171646573430394
"R3388_YZ_51",0.0606849182431672,0.120989286772489,0.116728685925323,0.0289513678595893,0.0503952386784514,0,0.129441478239567,0.0965273725734476,0.255080123273458,0.140719629293669,0.176357994159286
"R3388_YZ_52",0.0702692097454499,0.143897890232158,0.144636849150089,0.19927625134313,0.0253455579493629,0.0278358825333535,0,0.0384594860435001,0,0.253600982367642,0.214145443033821
"R3388_YZ_54",0.0837398484770271,0.127714393686805,0.128970617922765,0.0942008976299907,0.0864041939155455,0.0331984454001178,0,0.0960964222691336,0.00968680486923981,0.147136255927061,0.0772033089009748
"R3388_YZ_55",0.041758908179525,0.110291668773466,0.109486329011966,0,0.0226965594305012,0,0,0.0612954622970614,0,0,0.074538514404649
"R3388_YZ_57",0.0621285495313048,0.120785589084299,0.121615196943944,0.142903688831567,0.0506425355737545,0.0171773891274456,0,0.0671081119528915,0.0427714335677411,0.182312025732697,0.207637838481615
"R3388_YZ_58",0.0620032259830716,0.131520812264261,0.132331290139132,0.0855507716419838,0.0684418220110125,0,0.049315229663198,0.0837448392196596,0.215534475131075,0.0682009513867184,0.0793661424272448
"R3388_YZ_60",0.0603009129487901,0.158258440056813,0.157968121978511,0.0133114906361676,0.0532259728097401,0.0633074254698796,0,0.0576311405178242,0.0841036284732916,0,0.0943327243082226
"R3388_YZ_61",0.0940350552881264,0.155567132425444,0.158924559882806,0.0539278513272208,0.102276243100162,0.0271286928844379,0.00142431325724013,0.115206012541459,0.15412486921137,0.228774137981247,0.23756862452436
"R3388_YZ_62",0.104686341199468,0.158004987723813,0.159221844175358,0.107224412242845,0.0653342800999394,0.0854425679241612,0,0.0712424124540715,0,0.171303028988144,0.154285752223188
"R4163_YZ_1",0.0375539765179503,0.162374580890413,0.155867353169805,0.0277571514528362,0.0636518171902934,0.0122395590821288,0,0.077469369408754,0,0,0.071189751124596
"R4163_YZ_2",0,0.135434139799228,0.132876567463858,0,0,0.0135439802186734,0,0,0,0.0263470420901584,0.153969473790281
"R4163_YZ_3",0.0165362186548545,0.0941815848446107,0.0878476012968077,0.0431291675637523,0,0.01217045042145,0,0,0,0,0.156985296957048
"R4163_YZ_5",0.0188432286260506,0.129733337847488,0.125452260385637,0.0617489366990032,0,0.0542971731451107,0,0.029762388319962,0.0231081535297584,0.0565966528421573,0.319103369034398
"R4163_YZ_7",0.0467001768441295,0.137314342471947,0.129914299673381,0.264640903609754,0.0497322640954631,0,0.175187232686539,0.0598682642137171,0.152187392808469,0,0.135434331848853
"R4163_YZ_8",0,0.156252429471768,0.151110573892444,0,0,0,0,0,0,0,0.0835258397201122
"R4163_YZ_9",0.0178631752274734,0.116226488080602,0.111879785405713,0.158640309541578,0.0121339804903127,0.0721912117331145,0.00144886532123103,0.0244197017199676,0.109163306222846,0.209768991856576,0.369784520592335
"R4163_YZ_16",0.0311560041624698,0.137111422177302,0.128828966209771,0.0746671439149072,0.042917534118529,0.0883677412066618,0,0.0571362576025655,0,0.0721824396636284,0.346136902087249
"R4163_YZ_17",0,0.171772611614321,0.16809544651473,0,0,0,0,0,0,0,0.191624454963662
"R4163_YZ_18",0,0.143202166340208,0.140164763483194,0,0,0.0110163997834658,0,0,0.0133583850490864,0,0.171417445410269
"R4163_YZ_19",0,0.134609577257405,0.133729244679634,0,0,0,0,0,0,0,0.0984764751306318
"R4163_YZ_20",0.0495739694841299,0.124500837486949,0.122058934851791,0.0659045066953651,0.0410969525061808,0.031446421570378,0,0.0570285103517505,0,0.111053859038884,0.201131336098987
"R4163_YZ_21",0.0294044458450417,0.125324968781495,0.126593112059037,0,0.0571789024395325,0.000492896717020005,0,0.0661403808477738,0,0,0.0269448032501762
"R4163_YZ_22",0.0536782745186082,0.137201168371712,0.136487128465248,0.014905658822651,0.0309032151436533,0.0444272963215234,0,0.0344060185200216,0,0.0556479603798013,0.124175080959057
"R4163_YZ_23",0.0469403894829201,0.0951449350666782,0.0932813545173202,0.0672922624795167,0.0287439714141956,0.0252519185202095,0,0.0373005690440309,0,0.0689454070894006,0.278146440029428
"R4163_YZ_25",0.0856669979272261,0.130594032400443,0.129239907515104,0.0987263343092826,0.0777357795049493,0.0292845362380335,0.00433946156656786,0.0893455497240794,0.188673094428878,0.142587350658271,0.134707789524223
"R4163_YZ_26",0.0802238993859025,0.129224116059772,0.130564513391048,0.136020931437261,0.0972351630887452,0.0950721765880154,0,0.107526152298916,0,0.162245850632642,0.0488718454590254
"R4163_YZ_28",0,0.124634449471318,0.119982283547175,0,0,0,0,0,0,0,0.120787233428595
