"","Quantiseq_Monocyte","MCP_Monocytic_lineage","DeconRNASeq_BPRNACan_Mono","DeconRNASeq_BPRNACan3DProMet_Mono","DeconRNASeq_BPRNACanProMet_Mono","Epidish_CBSX_Fig2ab.NSCLC_PBMCs_scRNAseq_sigmatrix_Monocytes","DeconRNASeq_CBSX_Fig2ab.NSCLC_PBMCs_scRNAseq_sigmatrix_Monocytes","Epidish_CBSX_LM22_Monocytes","DeconRNASeq_CBSX_LM22_Monocytes","Epidish_CCLE_TIL10_Monocytes","DeconRNASeq_CCLE_TIL10_Monocytes","Epidish_CD226_Mono","DeconRNASeq_CD226_Mono","Epidish_Fig2ab.NSCLC_PBMCs_scRNAseq_sigmatrix_Monocytes","DeconRNASeq_Fig2ab.NSCLC_PBMCs_scRNAseq_sigmatrix_Monocytes","Epidish_LM22_Monocytes","DeconRNASeq_LM22_Monocytes","Epidish_TIL10_Monocytes","DeconRNASeq_TIL10_Monocytes","CBSX__LM22__Monocytes","CBSX__NSCLC.scRNAseq__Monocytes","CBSX__TIL10__Monocytes","CBSX__CCLE.TIL10__Monocytes"
"Patient100",0.0598545229472731,76.3761727551,0.103504604202045,0.106270033189844,0.0949456578202298,0,0.208278291071036,0.0225969048608326,0.0043342168164691,0.0141840588037021,0,0.176523892879141,0.164221774978136,0,0.208278291071036,0.0225969048608326,0.0043342168164691,0.0538810011128669,0,0.0184574646133617,0,0.0135481375501607,0
"Patient102",0.0595160612689649,20.0621956512814,0.0809840105677094,0.0773721812136522,0.0677658763643603,0.108667331056161,0.23637394560221,0.0063152071758722,0.0204914974993551,0.038921035513402,0.013352636989798,0.253559751298837,0.192492660387622,0.108667331056161,0.23637394560221,0.0063152071758722,0.0204914974993551,0.146962767925243,0.0312853668720736,0.032493643719132,0.125771477700077,0.187424444364474,0.0478290443087657
"Patient105",0.093189333791041,1.993683161723,0.0717274752382709,0.067093837933469,0.0533879554367575,0,0.215324447370285,0.0204638697524217,0.0390833598542308,0,0.0818672806685388,0.114077330116939,0.0470712275495941,0,0.215324447370285,0.0204638697524217,0.0390833598542308,0,0.159253497738059,0.0227081185340774,0,0.237894555807977,0.00103494608044548
"Patient106",0.0105150854887892,16.8868850871343,0.0378072812146154,0.0350109370281773,0.0200358853894462,0.0107660070671645,0.219569012430525,0,0.00204428564808146,0.00936734791344673,0.00381789169117824,0.0326871928083124,0.039072262685727,0.0107660070671645,0.219569012430525,0,0.00204428564808146,0.125377068535435,0.0284343355813289,0,0.0215448470871268,0.229964200587337,0.0474618990670705
"Patient107",0.051693763502157,0,0.0697725187975522,0.0661831241140054,0.0539924517661913,0,0.236339986265791,0.0315013874913793,0.0104027715945031,0,0.00455135731364156,0,0.135333571358946,0,0.236339986265791,0.0315013874913793,0.0104027715945031,0,0.00543089679612886,0.0520607563949499,0,0.0762441684405147,0
"Patient108",0.0188701536561572,4.20983137179429,0.0621151949905176,0.0591860237947924,0.0457712512323751,0.0139885599127606,0.21674334563099,0,0.0383483383003456,0,0.00936517928566574,0.118078099826673,0.0402428959091445,0.0139885599127606,0.21674334563099,0,0.0383483383003456,0,0.0184432921349391,0.00599742414443624,0.0308844800385671,0.0264160568368349,0.0413058665307471
"Patient10",0.051478738085388,12.1276378377643,0.0464679311385156,0.0418887039162835,0.0266233985033827,0.0290668004529858,0.224308819214266,0.0408518900982725,0,0,0.0402584062404458,0.0680962722757534,0.0624817169183326,0.0290668004529858,0.224308819214266,0.0408518900982725,0,0,0.199300061192824,0.0425855921347244,0,0.264502594645598,0.0152468306953658
"Patient112",0.0528765080079738,10.8755195463043,0.0284760318507301,0.0271577406057036,0.0197408639859705,0.0299818276379421,0.215544970993022,0.0282488943021146,0.0105870084689406,0.190814974573698,0.0458145376604904,0.0634692210870312,0.127181269578016,0.0299818276379421,0.215544970993022,0.0282488943021146,0.0105870084689406,0.830845385109605,0.0821522051132281,0.059541398899919,0.0109065830399079,0.492237367067816,0.205517289469937
"Patient116",0.179539312732909,11.4245601385557,0.0496720090409763,0.0477307649186176,0.0315878247381579,0.0623052618299432,0.227494970591132,0.0632294188117948,0.0511276249094354,0.114650390022072,0.0902152169585743,0.0289769556345238,0.0199877986158813,0.0623052618299432,0.227494970591132,0.0632294188117948,0.0511276249094354,0.76585200856414,0.187444010428128,0.0568790753792491,0.0366732058804433,0.557111865592751,0.109391305033948
"Patient117",0.0127424401441437,73.2278160772,0.0985839535612941,0.0971375375123854,0.0867061050651451,0,0.243931418896346,0.00143179957379157,0.011369150889966,0.193011362994693,0,0.330671031851518,0.149212286343858,0,0.243931418896346,0.00143179957379157,0.011369150889966,0.152205843655639,0.00863155414481378,0.023600435230357,0.0119175407885909,0.245216972728577,0.0465410630873907
"Patient11",0.104032308420496,10.86608702476,0.0673803749547506,0.0627637157390306,0.0521288212513267,0.0214305576663423,0.218886112464751,0.0597112879731267,0.0428124829789533,0.0155862405838099,0.0514750678906801,0.0510499636412717,0.0279338663688582,0.0214305576663423,0.218886112464751,0.0597112879731267,0.0428124829789533,0.194329247264829,0.0951605271663151,0.0912218430699699,0.0327271136938693,0.0891070163833948,0.00106038863632515
"Patient121",0.103590223495027,21.7602007909643,0.0720037843424622,0.0685881055859555,0.0576516631485733,0,0.218752384173464,0.0315664933180084,0.0256197878739431,0.102434209234512,0.0188083258248582,0.169695396003626,0.145837077538937,0,0.218752384173464,0.0315664933180084,0.0256197878739431,0.468935329530884,0.0518992607761962,0.0276515529098528,0,0.358740795975721,0.059418748355862
"Patient125",0.0180221128362428,40.1989563379771,0.139022807175883,0.145060431455544,0.129931596175529,0,0.12438595669952,0.00506718551025374,0.00398742896484224,0,0,0.126125761259664,0.0898651830902157,0,0.12438595669952,0.00506718551025374,0.00398742896484224,0,0,0.0176185040016294,0,0,0
"Patient126",0.183605600922807,28.7930805760457,0.102788002009606,0.0994446048024352,0.0826798631923942,0,0.205284855866099,0.0295391511980531,0.0138082170564389,0,0.0323225970895705,0.288962079084063,0.12380744084903,0,0.205284855866099,0.0295391511980531,0.0138082170564389,0,0.055792436777741,0.0441025042918484,0,0,0
"Patient127",0.0181107785908988,7.62774699759714,0.100671030337604,0.0952990291434378,0.0777310100018605,0.0370622668569819,0.231306452849729,0.00255744306953401,0.0375184813198897,0.0246422126542545,0,0.0396241425657324,0.141670805559908,0.0370622668569819,0.231306452849729,0.00255744306953401,0.0375184813198897,0.0993300652457176,0.0259990093383449,0.0130770939525833,0.0525940846383117,0.197610228678238,0
"Patient130",0,21.6243640319057,0.054524101002828,0.0506789646204661,0.0431037543471333,0,0.206308167956105,0.0229441624769912,0.0114064360705524,0,0,0.278038095772118,0.213557298765842,0,0.206308167956105,0.0229441624769912,0.0114064360705524,0,0,0.0476589891307291,0.0128118581452944,0,0
"Patient131",0,48.1951431327629,0.104798915589027,0.101496732194191,0.083484473947232,0.0935051677466995,0.317665854954527,0.0856749592014312,0.0539559511657547,0.0805980024400278,0,0.2865522018376,0.131399260409204,0.0935051677466995,0.317665854954527,0.0856749592014312,0.0539559511657547,0.29149020183138,0.00654181145359593,0.0667702875025323,0.0827458597839441,0.354307544095574,0.125868038875701
"Patient132",0.0271548579637152,25.9341461635857,0.105366954347454,0.103871015890607,0.0910333923894222,0,0.205022428959186,0.0198118119533628,0.00599537277734044,0.0286869225893044,0,0.15542924995926,0.116297926600516,0,0.205022428959186,0.0198118119533628,0.00599537277734044,0.053627489785328,0,0.0183257647054753,0,0,0.0211154606914738
"Patient133",0.0460682101521618,19.6682527123429,0.0610657174110825,0.0593729945256513,0.0530780119377105,0.0493195006280258,0.22716358528025,0.00619810716777059,0.00672932716293109,0.0331856514239398,0.00272794362094788,0.286381925085681,0.22305382972971,0.0493195006280258,0.22716358528025,0.00619810716777059,0.00672932716293109,0.195650567842325,0.0352664921952508,0.025841162783422,0.0385125685772444,0.0628547192777587,0.0215520255300226
"Patient134",0.0576950641055883,19.2377681914771,0.0857094729853241,0.0833705417231739,0.068579465591391,0.154347518742682,0.260730197060016,0.0229013033354598,0.00554683302612583,0.19837565970974,0.193985172248571,0.171647207274157,0.121798381389831,0.154347518742682,0.260730197060016,0.0229013033354598,0.00554683302612583,0.538090309734972,0.235861937862535,0.0546420477201746,0.148466372322048,0.493573116307184,0.11993184328707
"Patient135",0,22.2342792030571,0.0834092305831765,0.0801574673346762,0.0683740579968955,0.00203101316938019,0.252551070951699,0.0146467443319934,0.0324332198351871,0.00818724787306984,0,0.140208543970227,0.101311031431733,0.00203101316938019,0.252551070951699,0.0146467443319934,0.0324332198351871,0.372998323785953,0,0,0.0222163818564225,0,0
"Patient137",0.163788316197534,61.8532544723843,0.0977452924822688,0.0986642884935599,0.0827817285672582,0,0.132250960301375,0,0.00177818144509917,0.0455164928079241,0.0648352232659946,0.152823985450097,0.181754983456551,0,0.132250960301375,0,0.00177818144509917,0.139049172467522,0.098265494154718,0,0,0.159309739039685,0.0313049508181868
"Patient13",0.0805549306726577,7.64996487868429,0.128574746509394,0.123541834835351,0.103591909510054,0.0727469585410588,0.234127847194897,0.07039127477839,0.0478488644912949,0.0244852408268391,0.0284929606640744,0.0698563731952227,0.0935292531831522,0.0727469585410588,0.234127847194897,0.07039127477839,0.0478488644912949,0.621178318451477,0.0905504508216709,0.0820048392970007,0.0859317757019155,0.314404267790715,0
"Patient140",0.0657077902259662,7.05797130238,0.0451621725531834,0.0427989030881533,0.0292694802927694,0.0561790252106135,0.221332450429064,0.0403366529969051,0.0585314507647201,0,0.0231177502589675,0.210255779938154,0.118193162970268,0.0561790252106135,0.221332450429064,0.0403366529969051,0.0585314507647201,0,0.0635509479615096,0.0213924593850855,0.0356597712217649,0.0179750234729164,0
"Patient141",0.0640583607466916,1.86128735247871,0.0592822206673106,0.0564462205855129,0.0456508788070334,0.054138517679287,0.222000227035025,0,0.0343049820142785,0.00550655048576997,0,0.131207518404445,0.128649906716096,0.054138517679287,0.222000227035025,0,0.0343049820142785,0.118948250895659,0,0,0.0802673735334168,0.0920443057001316,0.00584283354306072
"Patient142",0,32.668623585,0.0881695805860767,0.0851766503124283,0.0721312657438903,0.0215248538489769,0.309077733000699,0.0340139515369762,0.0539317068385892,0.0420640536150654,0,0.143806903634557,0.12163205805687,0.0215248538489769,0.309077733000699,0.0340139515369762,0.0539317068385892,0.343395384433658,0,0.0299321923973347,0.0530646507004447,0.479713507199511,0
"Patient143",0,5.97310540347143,0.0864573201998161,0.0876138075216679,0.0785976261505557,0,0.25576955394094,0.00229270828636555,0.0522863212470125,0,0.0233307855754605,0.0298213388346418,0.00593385229184298,0,0.25576955394094,0.00229270828636555,0.0522863212470125,0,0.0108290528537333,0.110868055754565,0,0.142903796541466,0
"Patient144",0.119739223101718,18.54832471023,0.0505392519148616,0.0442367347689408,0.0333131407503448,0.0778954720931559,0.248698249462509,0.0630137675783058,0.0464706934989534,0,0.0320192871421649,0.1459628466137,0.0677499649591163,0.0778954720931559,0.248698249462509,0.0630137675783058,0.0464706934989534,0,0.0538970558966383,0.0197475268726233,0.0385767608276195,0,0.00608561061590558
"Patient145",0,43.9349585032143,0.0832856258819345,0.079483871917517,0.0678655173402434,0.00554097444432833,0.272635734674286,0.0289840672854344,0.0687454718451186,0.0503291934016471,0,0.265695580293831,0.186677222487834,0.00554097444432833,0.272635734674286,0.0289840672854344,0.0687454718451186,0.199248299586837,0,0.0176238673408354,0.026889865167353,0.306460052964464,0
"Patient146",0.155642627918939,11.16880296554,0.0403096073976921,0.0379234473657392,0.0238226491073036,0.0350785078488446,0.227937515514629,0,0,0.0629885385372085,0.0753437471659194,0.0713345057700215,0.0901455379621549,0.0350785078488446,0.227937515514629,0,0,0.35875321789866,0.141141538277639,0.00262338904824448,0.0301058959350559,0.313729311385726,0.0513138616448134
"Patient147",0.0766069774127043,3.81030124784571,0.03550864430049,0.0342542316872159,0.0217621623724825,0.0645763239388601,0.220009238015,0.0262631577318092,0.0508478177394268,0.0129033782689576,0.00335799053513344,0.0274028781682966,0.0597710232455173,0.0645763239388601,0.220009238015,0.0262631577318092,0.0508478177394268,0.496699244390938,0.0472369698029355,0.0671907739877832,0.0453424986560362,0.551505574326692,0
"Patient148",0,30.1623472188871,0.0896356249429614,0.0850833185642229,0.0748627794789293,0.0219318055824451,0.219841338299011,0.0196899017955032,0.0479391471443567,0.00674288147310904,0.0335248499964913,0.127998608481235,0.134963945237002,0.0219318055824451,0.219841338299011,0.0196899017955032,0.0479391471443567,0.246962405870652,0.0479233853894075,0.0529004190662268,0.0323977193442081,0.594694480503966,0.0626947960769955
"Patient149",0,67.6889042468143,0.119077192924826,0.118105946915426,0.104671667828688,0.0273671816407563,0.231365622240166,0.0964025186043836,0.0267024640169563,0.0125676419805553,0,0.221313399749406,0.213547402689184,0.0273671816407563,0.231365622240166,0.0964025186043836,0.0267024640169563,0.021912293486851,0,0.129786138152551,0.0218278491694753,0,0.0128446505029978
"Patient14",0.119250525123834,32.5804449092714,0.0925469504380455,0.0876923136339138,0.0734844227829103,0.0142154839412449,0.246248967034231,0.0797595097488386,0.0648454673637725,0.0466904890866706,0.0863837445354474,0.258444242125229,0.158992649610388,0.0142154839412449,0.246248967034231,0.0797595097488386,0.0648454673637725,0.242974543449193,0.129861025379881,0.0980991214646204,0.028300547433203,0.682376893210966,0.116092026478842
"Patient150",0.130969779840708,14.0351059145871,0.0818937092299786,0.077660935193186,0.058743777913099,0.0283047921359802,0.216859608808599,0.0250842532254394,0.0199381555205809,0.00312074445040343,0.0294191144579541,0.113193137783183,0.0374376694176054,0.0283047921359802,0.216859608808599,0.0250842532254394,0.0199381555205809,0,0.0720919513753293,0.0105889480609635,0.0369748303010986,0,0.0103391440041469
"Patient154",0.175306475481393,12.9099918171471,0.0454478006039549,0.0448362284288917,0.0288726735685706,0.0480660285143217,0.225476893726514,0.00188403737891686,0.00925294617052945,0.618960158877588,0.204264980654916,0.150436398977769,0.0954030974060176,0.0480660285143217,0.225476893726514,0.00188403737891686,0.00925294617052945,0.949649477790544,0.223679699159913,0.00415050333610304,0.0151297867022523,0.780475950994389,0.595484273305292
"Patient155",0.170485661546625,13.7331325961929,0.0460208448861406,0.0430072060195681,0.0288882332175364,0.42585304524673,0.244802817742232,0,0.0431934374361748,0.20165925343954,0.267292593473619,0.0419976454160886,0.0541095939207362,0.42585304524673,0.244802817742232,0,0.0431934374361748,0.872529599052906,0.386424329730718,0.00582507488336857,0.362823837692129,0.737096785828411,0.200488218038873
"Patient156",0.0398808912703788,20.4408501041486,0.0654585582179834,0.0596001388223408,0.0490834331475906,0.0883575947680045,0.231878359634146,0,0.0522297025833228,0.0197933953129419,0.0222871047386632,0.00144144536785647,0.0496666506559716,0.0883575947680045,0.231878359634146,0,0.0522297025833228,0.535149122247732,0.0463026505206868,0,0.0783562460276977,0.494971826199856,0
"Patient158",0.176902645212401,10.8729704985657,0.149663439391483,0.132815543256347,0.113695589469238,0.000941947984377988,0.258195023404165,0.0127095426613846,0.000153468043252586,0.0270289732202035,0.0309059895758647,0.0980088067606571,0.10175103628113,0.000941947984377988,0.258195023404165,0.0127095426613846,0.000153468043252586,0.664983766444005,0.13034848108502,0.00931632874477856,0,0.223919553736337,0.0153940132990785
"Patient159",0.0155536589760035,13.9599374014129,0.0521088905935034,0.051165388829646,0.0381464148359296,0.0890282742871501,0.224418186063345,0.0453566247331056,0.023647916143648,0,0,0.00984190570979208,0.0209939225838792,0.0890282742871501,0.224418186063345,0.0453566247331056,0.023647916143648,0,0,0.0481124784020544,0.090391703992169,0.00761956415771254,0
"Patient15",0.0824598272327011,18.15838770298,0.097685717599553,0.0950268848842394,0.0790407031602161,0,0.214456833727422,0,0.044289429706877,0.0245651344286113,0.0144176205801473,0.165752894698138,0.0957486511941115,0,0.214456833727422,0,0.044289429706877,0.159492053563911,0.0470392509140396,0.007614888813269,0,0.156454679492002,0.0274269592261335
"Patient162",0.308008569590116,10.2612702257414,0.073866150049343,0.0695568212413786,0.057404170950938,0,0.215446506125148,0.0347462114168656,0.00623249855261098,0.0290868414897877,0.108305353051044,0.078180355781827,0.108576866281842,0,0.215446506125148,0.0347462114168656,0.00623249855261098,0.149202245264498,0.131520978276493,0.0292353446182726,0.0180412770796164,0.190189666905094,0.0895689115648351
"Patient163",0.115804541092778,11.9551329989371,0.116923783143337,0.111460977762709,0.0905433628696858,0.0204561001571105,0.21734949743361,0.0238941653876764,0.0175523101167969,0.0823602639952818,0.0693309508062216,0.18657263305305,0.0788006135168741,0.0204561001571105,0.21734949743361,0.0238941653876764,0.0175523101167969,0.478853047723278,0.134654437931466,0.0239075006740855,0,0.110610187772691,0.0489932057224562
"Patient165",0.035532139571796,16.6021119264343,0.0593677135234289,0.0528337705319715,0.0406296504095424,0.0392771555871248,0.230519739834402,0,0.0365330634015367,0.0139518635510268,0.0193703201939096,0.105978585590173,0.0900658861791077,0.0392771555871248,0.230519739834402,0,0.0365330634015367,0.30467275299195,0.0768546449963875,0,0.0531683382727942,0.215741839803374,0.03952118392549
"Patient166",0.0746019780439807,4.60113434469714,0.0404681635454677,0.0395464782274223,0.0307271141260423,0.142868589382938,0.219959942081484,0.0174187005764451,0.0474076409884084,0.00772708011995801,0.0290578324849709,0,0.065365148897145,0.142868589382938,0.219959942081484,0.0174187005764451,0.0474076409884084,0.506861621295503,0.0818318656219003,0.0634778866624593,0.055776162237226,0.265689559272215,0
"Patient167",0.0775523048114852,31.3301549770971,0.0783223760767082,0.0729451677727725,0.0591983561041311,0.00204162855474273,0.21599155182489,0,0.0452006812593009,0.00843360765776128,0,0.0735978767027933,0.0863187045579676,0.00204162855474273,0.21599155182489,0,0.0452006812593009,0.0796927731467773,0.0304272387718753,0,0.0251367558881188,0,0
"Patient168",0.0217046853764453,8.31060553719,0.0354965240129788,0.0329048769554479,0.0320528115704181,0.0521497483257382,0.234690113174485,0,0.0503460841289941,0,0,0.0308087483869902,0.0896647904257816,0.0521497483257382,0.234690113174485,0,0.0503460841289941,0,0,0,0.0586110195621108,0,0
"Patient169",0.04601225611131,15.0497757360429,0.0908458213470104,0.0867816490140693,0.0733109016836942,0,0.227084050550249,0.0461816430427895,0.0664020014296194,0.0258631933853519,0.0170915393446691,0.117061173844,0.0481397508183871,0,0.227084050550249,0.0461816430427895,0.0664020014296194,0.31847655646125,0.0700418189810732,0.0800583882250367,0,0.02120630207887,0
"Patient170",0.0749876257755984,8.15861175639,0.057661507763926,0.0551400045756093,0.0429617461159435,0.0671199786620858,0.220205638178258,0.0163175379957974,0.0554282591477845,0.00998936749431179,0.0214649808648739,0.112190588301265,0.164774373015932,0.0671199786620858,0.220205638178258,0.0163175379957974,0.0554282591477845,0.0862868047783575,0.0478516851379974,0.00999489142395966,0.0392516614850668,0.0104607180606551,0.0716634622773494
"Patient172",0.020469675870637,27.0147461117286,0.0855878626508344,0.0875523204538591,0.0758020228680128,0,0.19953069817988,0.00255753020333367,0,0.391755476006663,0.0962924230900983,0.254230083113775,0.125339788554599,0,0.19953069817988,0.00255753020333367,0,0.720248878786005,0.114765974870065,0.00085657014003104,0,0.689991513442441,0.413183534573769
"Patient173",0.144861338360637,22.1344503132371,0.0582446330437758,0.0567851136706737,0.0456045213874377,0.0748366674419233,0.241131558366304,0.0278020619157288,0.0530508772582628,0.066477887272418,0.0484237876791621,0.0943260836502688,0.0592534268425754,0.0748366674419233,0.241131558366304,0.0278020619157288,0.0530508772582628,0.546016592610787,0.109991701511992,0.0252861527790112,0.048293591503185,0.384505936569325,0.0910063919388808
"Patient179",0.0475453785723145,0.693207650164571,0.0630556378398193,0.0601214003063834,0.0489030636728458,0,0.217425487135418,0.00349051070188204,0.0325955885401738,0,0,0.0733077341969185,0.105132451420869,0,0.217425487135418,0.00349051070188204,0.0325955885401738,0,0.0687406462027531,0.0175389152800319,0,0,0
"Patient17",0.171990122179413,52.3181920376857,0.0786128698507525,0.0762178086428357,0.0659180347504301,0,0.226792494200211,0.000743793092526174,0.00369824851503802,0.0249574035774685,0.0418689570854941,0.24519572021446,0.12853573989731,0,0.226792494200211,0.000743793092526174,0.00369824851503802,0.0548930731127988,0.0788312015220254,0,0,0,0.00113222441114053
"Patient181",0.058808418618599,28.9907048452043,0.0795638155656151,0.0777877847505305,0.0659882587620011,0,0.213671049401596,0.0279604108972328,0.0504294753402168,0.241989790810798,0.0307055268142404,0.282890796471184,0.161217308181388,0,0.213671049401596,0.0279604108972328,0.0504294753402168,0.537221276408339,0.0665887789226035,0.0643587353096181,0,0.524658578397986,0.261152211914656
"Patient183",0,16.2248763681286,0.0903048368627152,0.087241629365822,0.069869693266832,0,0.218546099581933,0,0.00237293186820072,0.20498459090255,0.0224229086180425,0.206014743937039,0.0883982165674415,0,0.218546099581933,0,0.00237293186820072,0.386986914256997,0.0375426547824323,0,0,0.436716898494028,0.198942080928103
"Patient184",0.0523258373726345,21.6953731517493,0.0508349861491297,0.0472107150323063,0.0383046021413425,0.0281103185910529,0.232011276152223,0,0,0,0.010856825636164,0.0637713421120899,0.193517686835177,0.0281103185910529,0.232011276152223,0,0,0,0.0358319731126337,0,0.00287499395300631,0,0
"Patient185",0.0756022065879628,26.0258203951429,0.0671096714111442,0.0633174662537532,0.0533581466184245,0.0209921410398624,0.221999216903457,0.00873455669382014,0.0416588365218172,0.220662926892246,0.182561825399415,0.254144555027042,0.0736721286390283,0.0209921410398624,0.221999216903457,0.00873455669382014,0.0416588365218172,0.755185930262447,0.321684046737533,0.00718295834985289,0.0220143449824829,0.674356779892217,0.23186865727517
"Patient187",0.284604051994714,13.4826331673857,0.0539052787977831,0.0492935675641891,0.0338932611507963,0.0131343586619584,0.246773456883209,0.0358090743863363,0.00675845962684243,0.0265926775175017,0.0574711915177525,0.168220112243204,0.0477147044087842,0.0131343586619584,0.246773456883209,0.0358090743863363,0.00675845962684243,0.0705492328238559,0.0797904504137498,0.0306744922761508,0.0205081955646934,0,0.0628056660340501
"Patient188",0.0679215408500734,5.04589483221,0.165935279084078,0.160995613809717,0.140004616483593,0.0704201178939321,0.233584877145094,0.0564908067329205,0.0225428074578906,0.0507490872713003,0.0282405304966655,0.0782847292751495,0.0408870430587922,0.0704201178939321,0.233584877145094,0.0564908067329205,0.0225428074578906,0.855638519971358,0.0722770846059252,0.0810559500655599,0.0574015642298127,0.450187427352043,0.0034269193212487
"Patient18",0.13389617779342,4.02741205810143,0.0424767575155484,0.0398372737241904,0.0248958338311024,0.0426186916662151,0.221937460195624,0.0419116584974306,0.0514173597929324,0,0,0,0.18848220156877,0.0426186916662151,0.221937460195624,0.0419116584974306,0.0514173597929324,0,0.0157647447713884,0.0327863124349048,0.0387776526164631,0,0
"Patient1",0,3.78231976538071,0.0517579960507936,0.0495665557308906,0.040140853697058,0.0133754106208746,0.216874295250567,0,0.00327394391646371,0.0293197704909589,0,0.0652033676023774,0.0775460939244952,0.0133754106208746,0.216874295250567,0,0.00327394391646371,0.375264875394813,0,0.0105447663143442,0.0289700247901414,0.177519496687072,0.0426990316966301
"Patient20",0,31.0378365487286,0.0822492579504013,0.0805772942862962,0.0686341154050849,0.0091738719279487,0.216252357148772,0.0343531747761991,0.0456925627541878,0,0,0.248315347221512,0.279243868772145,0.0091738719279487,0.216252357148772,0.0343531747761991,0.0456925627541878,0,0,0.0415150231849942,0.0152583594475081,0,0
"Patient21",0.0259706594380275,6.82201670124857,0.0485660674553814,0.0458959334420416,0.0400790200168962,0.0698265319587335,0.221173190434403,0.0391703786940721,0.0410834411986646,0.0251039434840916,0,0.0701344236154609,0.112652359538199,0.0698265319587335,0.221173190434403,0.0391703786940721,0.0410834411986646,0.239730857263838,0.0112391093942492,0.0392141362685468,0.063422804635136,0,0
"Patient22",0.0182580266719919,6.37352639244714,0.0555679277520706,0.0543615556734961,0.045001829513274,0.0528389227716302,0.219027395293668,0.0172621015567501,0.0566593256947838,0.0262192236168357,0,0.0939633524482835,0.101713703934268,0.0528389227716302,0.219027395293668,0.0172621015567501,0.0566593256947838,0.380037847321806,0.0158789028304003,0.0379947900847908,0.0441137622561906,0,0
"Patient23",0.0327240609303554,10.2440364452843,0.0712712495359234,0.0700762954719606,0.0606131440039539,0.0553877166135043,0.228588322866781,0,0.00708760340937603,0,0,0.0229901480625258,0.0801868556179416,0.0553877166135043,0.228588322866781,0,0.00708760340937603,0,0,0,0.0499380316937401,0,0
"Patient24",0.218078783375668,7.13309485057429,0.0158258545100127,0.0127849559195156,0,0.0491861149504818,0.258205353581365,0.0788113871477111,0,0.0121003496403885,0.286953341828056,0.168976594626867,0.220737230638703,0.0491861149504818,0.258205353581365,0.0788113871477111,0,0.54083430203894,0.401231981184696,0.0789209654230007,0.0309943962267536,0.668073870169622,0.0398006348097248
"Patient25",0,26.98023428484,0.0928208800485393,0.0939149305172239,0.0807391870885099,0.0123258387177134,0.224217454859585,0.0227613902637788,0.0579076862590556,0.0814967693986188,0.0326278000560866,0.188623714627587,0.157659844407431,0.0123258387177134,0.224217454859585,0.0227613902637788,0.0579076862590556,0.261288362724529,0.0532467700834355,0.0193734352074458,0.0243790985768624,0.183447275450362,0.049519334076013
"Patient27",0.0531753224922517,10.5918946920814,0.0498705459691099,0.0468405098609968,0.0326284685008141,0,0.211856218688657,0.0122627126995067,0.00537395530986944,0.00437404896070965,0.00427755556145104,0.0185550522728707,0.0602154555141384,0,0.211856218688657,0.0122627126995067,0.00537395530986944,0.108980251302192,0.0211056582919297,0.00850318822029716,0,0.0448150880989876,0.0204535582668825
"Patient30",0.0884975681721498,28.1336473862857,0.101209431506127,0.100483471900974,0.089426166890414,0,0.206558048712628,0.00422121929308199,0.0272345935272689,0.0242241519397323,0,0.296975663102872,0.131907302276862,0,0.206558048712628,0.00422121929308199,0.0272345935272689,0.131247826100175,0.00866591792372414,0,0.00633635891692288,0,0
"Patient31",0.0654834336680029,11.7704705170857,0.056874909538709,0.0551973612915301,0.0490763992383733,0.0239003858012456,0.22019408045213,0,0.0231048948237305,0,0,0.0253567496177665,0.10283751756415,0.0239003858012456,0.22019408045213,0,0.0231048948237305,0,0,0,0.0350364271503972,0,0
"Patient32",0,10.1090464465771,0.0825520656517959,0.0786567099806102,0.0664440751988193,0.0364761510449275,0.216952885870202,0.045261039175846,0.0505442828481139,0.0512234699790867,0,0.139004340307789,0.0582976744061474,0.0364761510449275,0.216952885870202,0.045261039175846,0.0505442828481139,0.440381276891671,0,0.0586604357474425,0.044817366934472,0.274242401316346,0.056278262043897
"Patient33",0,60.9030256748,0.211649010250111,0.208574298464043,0.188529912498587,0.0277051322770619,0.2612069982594,0.0659734276270646,0.00808254301545127,0.200831029911252,0.227343944906365,0.510417614665376,0.205461345519505,0.0277051322770619,0.2612069982594,0.0659734276270646,0.00808254301545127,0.377346486839078,0.241143940014707,0.0559175379800152,0.0807617358310065,0.247809090364495,0.455737652458661
"Patient34",0.0551069924024027,16.2985584527386,0.0907036913617754,0.0889631906058275,0.0803280933620335,0.0294575477219018,0.201228218224554,0.00976230054041775,0.065632003108203,0,0.0846142419346169,0.230012401557207,0.114889231785802,0.0294575477219018,0.201228218224554,0.00976230054041775,0.065632003108203,0.485945332070746,0.103027847957687,0.0556666881825084,0.033747310250648,0.472868892332497,0.096704988492672
"Patient35",0.0590177706221263,9.63512790803286,0.0677890668899951,0.0644060467263086,0.055322150794102,0,0.217783987770553,0.00345769513533826,0.0237355623935288,0.0901647952419595,0,0.0438344455201914,0.0807747178931047,0,0.217783987770553,0.00345769513533826,0.0237355623935288,0.320786596181459,0.00468065240482783,0.0129700155361946,0,0.329199961003223,0.131891772207802
"Patient36",0,5.82282378602714,0.0361279990855138,0.0347982500162418,0.0201482796000559,0.0422263449272979,0.217154937480108,0.0192544258456707,0.0552943089813665,0.0727332689117258,0,0.0338105192184059,0.0551050022568815,0.0422263449272979,0.217154937480108,0.0192544258456707,0.0552943089813665,0.347593759793718,0,0.0290835812382645,0.0438500383709985,0,0.05645516272488
"Patient37",0,35.7491881132771,0.0650524167795007,0.0655587473365883,0.0553667849778651,0,0.210312786185043,0.0033284032020087,0.00619311851375081,0,0,0.263229853259124,0.123329179137816,0,0.210312786185043,0.0033284032020087,0.00619311851375081,0,0,0.00829829787081483,0,0,0
"Patient38",0.0237952927677163,13.5277455721657,0.0407940870984853,0.0397657921744641,0.0264912541014388,0.0233390421494985,0.215780006627824,0.0132818925893171,0.031081701233159,0.0261227197729019,0,0.0262823112795323,0.0414170022040563,0.0233390421494985,0.215780006627824,0.0132818925893171,0.031081701233159,0.38479904882513,0.00905514046951087,0,0.0365600852704728,0,0
"Patient40",0.0282704279470285,4.40643578832214,0.0330977989465754,0.0312666879613948,0.0212924856297568,0.049882173218685,0.218018081313664,0,0.00340537756386067,0.0109829155152109,0.0195907392806712,0.139851480349503,0.0684077508318924,0.049882173218685,0.218018081313664,0,0.00340537756386067,0.514159137218936,0.0603488774662446,0.00052989242964262,0.0326267769685425,0.0360447734891998,0.00086475546776393
"Patient42",0.112849622582625,7.40094998678571,0.0486363404208311,0.0457391716198394,0.0369038058588179,0,0.215617915415073,0.00126304669514187,0,0.0207206617359077,0.0482228374650709,0.119558399779243,0.0912365736562634,0,0.215617915415073,0.00126304669514187,0,0.213562491071281,0.0946075950911208,0.0499937299878342,0,0.18269642182121,0
"Patient44",0.0744512984602183,23.5150091296571,0.083847362886956,0.0824910612026182,0.0709596459787021,0,0.215988007398066,0.0403442372453975,0.0120373880976011,0.0201695474407176,0.0133452498342274,0.109760854830859,0.113916510585438,0,0.215988007398066,0.0403442372453975,0.0120373880976011,0.0378067512582738,0.0579297678221181,0.0387454966995161,0,0,0.00238701353123033
"Patient45",0.0191675392026035,30.78793880652,0.0966734185892512,0.0918820881870692,0.0832771126278104,0,0.233919943907495,0.0166324109292712,0.00948607761201375,0,0,0.141481422176461,0.115405449532875,0,0.233919943907495,0.0166324109292712,0.00948607761201375,0,0,0.0167350828879047,0,0,0
"Patient47",0.0553656599737873,3.35606580808714,0.0840235621826877,0.0784450466060563,0.0592276261656048,0.0561576893986806,0.232538501759548,0.0549733770459772,0.0479991680770264,0.0689392004932339,0.0141802480711386,0.124754493232714,0.0627463763878062,0.0561576893986806,0.232538501759548,0.0549733770459772,0.0479991680770264,0.841860096135168,0.0315758763015285,0.0339060843421278,0.0287588085576596,0.703362495360167,0.0820659785959649
"Patient48",0.0192501268166822,3.96422036279857,0.0313552819150957,0.0299720671323281,0.0254984166636527,0.0155971107361193,0.215554046481449,0.00841135315137179,0,0.0195295391035951,0,0.0616395885495774,0.0821449546841978,0.0155971107361193,0.215554046481449,0.00841135315137179,0,0.35195111018314,0,0.0152824010164772,0.0228850767271431,0.100779473505909,0
"Patient4",0.113914139716263,10.7028787972657,0.0579818093969494,0.0545559194263908,0.0412368773669971,0.0271187430327851,0.225476401113089,0.00958631960602711,0.0465577306312407,0.0149714999716169,0.078709570490772,0.185533006955402,0.109942524613983,0.0271187430327851,0.225476401113089,0.00958631960602711,0.0465577306312407,0.0815878632984782,0.10916209821557,0.00623250678104741,0.0396555878295637,0.200516506461288,0.00619363969864935
"Patient51",0,12.2662508470629,0.102624335045207,0.10192565319984,0.0909387757726048,0.000426906596188662,0.241123072209998,0.0226997272943862,0.0179625790808931,0.09711953367353,0.107913495797697,0.447180471168622,0.273493922956742,0.000426906596188662,0.241123072209998,0.0226997272943862,0.0179625790808931,0.424093058885575,0.162087038431062,0.025255666726325,0.0167278123709458,0.353268898112883,0.1054212712032
"Patient58",0.202375116203579,6.13497170227929,0.0388259508986999,0.0371938180685189,0.0272086759925471,0.0231722840423406,0.215841420083569,0.0107089658258465,0.042068010620154,0.0569740988030653,0.140565782117747,0.0697731888278272,0.0889300354583307,0.0231722840423406,0.215841420083569,0.0107089658258465,0.042068010620154,0.738273003154669,0.217747936452069,0.0126600783690196,0.0112708282300731,0.571003247320821,0.0945371881329493
"Patient61",0.06083015852388,46.0468803105814,0.170796064196132,0.164750443367865,0.134866579273856,0.0454706007449001,0.333887618228383,0.0385412177938301,0.0786535640747223,0.182335170699885,0,0.101301217196245,0.186507156748907,0.0454706007449001,0.333887618228383,0.0385412177938301,0.0786535640747223,0.491131253934007,0,0.0660841315896551,0.0515534960837245,0.532951069978727,0.214945996783944
"Patient62",0,46.7526717635286,0.0800991791657971,0.0789301346269181,0.0670433946437607,0.000383549215948658,0.235652991746892,0.00741667035967358,0,0,0,0.319105331990464,0.266990530264709,0.000383549215948658,0.235652991746892,0.00741667035967358,0,0,0,0.00287828649564463,0.014483713297342,0,0
"Patient63",0.071715445224225,7.46462373728286,0.0664880607264561,0.0610177403925508,0.0525648482622281,0.0281953659392751,0.217781579711794,0.0129350280131335,0.0455519591326348,0.0312731310466397,0.0324292725769537,0.116035560212729,0.0769349197684708,0.0281953659392751,0.217781579711794,0.0129350280131335,0.0455519591326348,0.600656348728452,0.0688390593579321,0.00912144087835623,0.0273097995723851,0.247132199445375,0
"Patient67",0.0147661827671488,4.13705028693929,0.0649539102048902,0.061483851030113,0.0482823873078292,0.0231086549094585,0.217568634331626,0.0093188337124924,0.0170538727194818,0.0384012904400824,0.0616118528132502,0.0527575602815016,0.0311245442001935,0.0231086549094585,0.217568634331626,0.0093188337124924,0.0170538727194818,0.691580196066352,0.187929447941445,0,0.0184760873964924,0.509345947237658,0.0889275853765957
"Patient6",0.0331564379297863,8.70902488701571,0.063379592779143,0.0621016684046853,0.0517929752438298,0.124490458063448,0.219828572886449,0,0.0303614430587132,0.0295421624442995,0.111135702114129,0.0645908305986238,0.109958415053341,0.124490458063448,0.219828572886449,0,0.0303614430587132,0.496959813393391,0.224053266168127,0,0.105633227628765,0.106499175496093,0.0637923759347591
"Patient72",0.138572578180329,11.8701234811814,0.0625368178591961,0.0597522697120976,0.0461406832408099,0,0.215176509004376,0.0101080295881284,0.0481760525058441,0,0,0.0883304220134422,0.0357239932439922,0,0.215176509004376,0.0101080295881284,0.0481760525058441,0,0.0205635354566065,0.028427317488103,0,0,0
"Patient73",0.0786374440482897,9.79784377598,0.0704877376139373,0.06786719459599,0.0643282998710859,0.0258543654973305,0.217861172213441,0.0312058314220728,0.0468331780365416,0.0162606318697719,0.00417429584446829,0.0948688778147368,0.144553962645756,0.0258543654973305,0.217861172213441,0.0312058314220728,0.0468331780365416,0.223572821180188,0.0415682918394932,0.0158362340403812,0.00586018895257789,0.0991753809486402,0.0037100809053425
"Patient75",0.0572259385497814,21.6163207179309,0.0665394418122458,0.0645166098225393,0.0579151140800316,0,0.201253004213829,0.007337364546261,0.00332018810986289,0,0,0.145713831559595,0.203649972824214,0,0.201253004213829,0.007337364546261,0.00332018810986289,0,0,0.00945961866814214,0,0,0
"Patient77",0.235160802980805,26.6333358564871,0.0877514182795402,0.0867486994471707,0.0715145223437013,0,0.207752444086085,0.024500052906429,0.050048685002376,0,0.0278641764727489,0.201628708116144,0.12939668289971,0,0.207752444086085,0.024500052906429,0.050048685002376,0,0.0494548623183339,0.0178511892728483,0,0.00534255431233181,0
"Patient78",0.0488601637911648,42.6456002187714,0.0810153812751671,0.080776604211717,0.0678574160300944,0,0.238142092765298,0.0175423903830939,0.0351392546158983,0,0,0.335622144632211,0.218283440371139,0,0.238142092765298,0.0175423903830939,0.0351392546158983,0,0,0.0480800072318834,0,0.0547149584722675,0.0216005086853629
"Patient79",0.329749468578453,51.1610729550286,0.0796007220951351,0.0785457155683457,0.0627507796394772,0,0.21037904107042,0.0419765669002261,0.0633819460305141,0.0215873877211874,0.0480009397165694,0.335873765216,0.118154775177768,0,0.21037904107042,0.0419765669002261,0.0633819460305141,0,0.0639659455103236,0.028932608183522,0,0,0
"Patient7",0,12.7842101736943,0.0632673912219977,0.0618459099211386,0.049170406172626,0.00115902172484646,0.215449797580807,0.0237912992067106,0.0358219260785841,0.0484654630247905,0,0.0956549250499644,0.0635352273813891,0.00115902172484646,0.215449797580807,0.0237912992067106,0.0358219260785841,0.475876897728362,0,0.0641800901113719,0.0217712244718166,0.299597167053442,0
"Patient82",0.114707794862962,4.37932604175071,0.0641080774675686,0.0630084473888281,0.0544005109269277,0.13801920562465,0.233533188193511,0,0.0383724147105039,0.0478097301632035,0.063578381656798,0.0975123484301478,0.0881440537512288,0.13801920562465,0.233533188193511,0,0.0383724147105039,0.824351005512504,0.125348709102751,0.0642276767674161,0.0914764453366006,0,0.0679270908109402
"Patient83",0.126347496077814,3.441377456836,0.0373327342976535,0.0344739035550357,0.0199206205646998,0.0443495151390677,0.233630150993932,0.0333971109660839,0.0482656682657358,0,0.0672430584394284,0.139583804376277,0.073843669716327,0.0443495151390677,0.233630150993932,0.0333971109660839,0.0482656682657358,0.0219554495960907,0.105807883116413,0.0167663355416174,0.0362765803699344,0.274923574646728,0
"Patient86",0.0680303109129817,32.9352399971871,0.107807849722052,0.109209789086702,0.0977550407751181,0,0.199096391812734,0.0107109324641802,0.00431694356253402,0.0498856684595402,0,0.195657118313856,0.128266757412052,0,0.199096391812734,0.0107109324641802,0.00431694356253402,0.121844880638733,0,0.00474349004845869,0,0.111619878579954,0.0616672208547888
"Patient87",0.0272862890807598,18.3147649336886,0.0722943392840562,0.0692541338860878,0.0575420309985007,0,0.208197014512772,0.0116377030426726,0.00418941845634885,0.023167659324402,0.0149039464614872,0.07835766609975,0.0447070506570171,0,0.208197014512772,0.0116377030426726,0.00418941845634885,0.0643723465538063,0.0361047193566991,0.0174898514425013,0,0.0087011562219694,0
"Patient8",0,9.57822421191286,0.0278384845449384,0.0263811377274401,0.0136570900640709,0.0259755424207722,0.232386391709011,0.0452287268858508,0.0512895398918405,0.02427571312176,0,0.136540869443259,0.0841163455229471,0.0259755424207722,0.232386391709011,0.0452287268858508,0.0512895398918405,0.227006470050039,0,0.0465613130213949,0.0125053183351439,0,0
"Patient94",0.0951444452693563,15.6082347555429,0.0804445723448293,0.0774944288473081,0.06207144994621,0.0638043845616132,0.228211143761456,0.0211108391741843,0.035243079832835,0.0110294727612568,0.0368718963363117,0.111496535462075,0.0688723778587408,0.0638043845616132,0.228211143761456,0.0211108391741843,0.035243079832835,0.229339131837726,0.0957682860991635,0.0124534449680565,0.0513713674286486,0.661772680429697,0.0476059220207682
"Patient96",0.0672253431797544,4.63339880450529,0.0721159589647608,0.0696806321684813,0.0591582031034838,0.0986526566917818,0.216091977292738,0.122877058533789,0.0652196419153946,0.0114054592280207,0.0170512418650743,0.0838445853277723,0.140247243524906,0.0986526566917818,0.216091977292738,0.122877058533789,0.0652196419153946,0.0637107044386055,0.0814280931709359,0.114305654812217,0.093013330821582,0.0592061653962721,0.0269495047816226
"Patient98",0.0267146697086335,25.1052507351557,0.0691688336161881,0.0673562272919006,0.0533801280852859,0,0.195033577960605,0.0166030690725599,0.0121233643924072,0,0,0.212966285143633,0.149375514436951,0,0.195033577960605,0.0166030690725599,0.0121233643924072,0,0,0.0337592147549347,0,0.0545974510245189,0.0169756347196121
"Patient99",0,66.6341321617286,0.0951046643961781,0.0936940190583944,0.0800919573709218,0.00706481304549192,0.301138203820026,0.00897585408178376,0.020645027964539,0.0808036281236692,0,0.164768805358634,0.177265299609782,0.00706481304549192,0.301138203820026,0.00897585408178376,0.020645027964539,0.230584501624085,0.00830326032150691,0.0471800357849297,0.00802570975784587,0.260629346143051,0.0617884557441466
"Patient9",0.0829404253612171,7.81815091640429,0.0523786471572363,0.0518220232410194,0.0405030609821499,0.0340973221568402,0.218444615186662,0.0223397078686464,0.0275211473935611,0.00281763055133927,0.0222681451976291,0.103140973360415,0.112070946538383,0.0340973221568402,0.218444615186662,0.0223397078686464,0.0275211473935611,0.166117033810258,0.0798665610578982,0.0241765343028323,0.0384013679014209,0,0
"Patient56",0,27.1345284228414,0.0654068154133485,0.0663824006178981,0.0540566333702817,0.2167672223964,0.296773455177634,0.0595838208011168,0.0570338584228481,0.254234747786074,0.0917437267038192,0.153860476923776,0.123773958041237,0.2167672223964,0.296773455177634,0.0595838208011168,0.0570338584228481,0.647621836944572,0.124861948972207,0.0152776345518785,0.178499949521554,0.530542168331144,0.261805326980902
"Patient191",0,35.2835631271,0.118270084817748,0.117627751114543,0.101288263380481,0.00434421962784771,0.243507855076374,0.0337617572289435,0.0309365326697101,0.0081213095921141,0,0.21561986726521,0.200256631170275,0.00434421962784771,0.243507855076374,0.0337617572289435,0.0309365326697101,0.0599693941809178,0,0.0305555660153504,0.013504017661679,0.0514320837145313,0
"Patient189",0.0148066011617156,20.3750429152943,0.11562236314055,0.1160374105392,0.102289991418122,0.0227473044295565,0.220236379010188,0.00843092173796034,0.0497616631102459,0.491230259140788,0.537606689888408,0.221876666198467,0.133810528506678,0.0227473044295565,0.220236379010188,0.00843092173796034,0.0497616631102459,0.830932269189384,0.550792037168019,0.0331805160137205,0.0155086912668278,0.828057859894677,0.595129377540559
"Patient200",0.00990213100070992,31.99967540365,0.0608902477469157,0.0596644817254252,0.0485872150706835,0,0.22286326835206,0.012119089603936,0.0384463004214515,0,0,0.0834184597012161,0.103969703850223,0,0.22286326835206,0.012119089603936,0.0384463004214515,0,0,0.0278979153064487,0.00449548398829961,0,0
"Patient201",0.293116866469601,4.616597840645,0.0529866648635301,0.050666920610972,0.0380857407878277,0.0784639511061121,0.250961237166812,0.0425774236333435,0.0495054164024675,0,0.116889332853973,0.158145463021224,0.210891466469748,0.0784639511061121,0.250961237166812,0.0425774236333435,0.0495054164024675,0,0.153114459888624,0,0.0491379597567901,0.175577284074537,0
"Patient203",0.0353931831302273,19.69474898813,0.0712350311460541,0.0713471294243331,0.057668933057885,0.0538078337707755,0.223637532133351,0.0492325582288654,0.0325771300249047,0.191567863521626,0.0777430214720863,0.160533878846016,0.156006514545653,0.0538078337707755,0.223637532133351,0.0492325582288654,0.0325771300249047,0.816786627827905,0.120739366491283,0.0959231940560728,0.0382460286055294,0.548562881677752,0.184461514742661
"Patient193",0.179013304739376,15.9197639762643,0.0714091067363087,0.0683226757155049,0.0535476640726885,0,0.216968810713146,0.0282125359745629,0.0391722736054195,0.00760407273403851,0,0.16497986294902,0.0841952171110139,0,0.216968810713146,0.0282125359745629,0.0391722736054195,0.0714014330639299,0.0160017500043362,0.0204628358953521,0,0.432621342804165,0
"Patient195",0,10.5888331916886,0.0402164630685127,0.0394764915820125,0.0324078337682386,0,0.213947991198184,0.00726237262894533,0.00917779166529331,0.0138817569990175,0,0.0752109075028609,0.0712612581499346,0,0.213947991198184,0.00726237262894533,0.00917779166529331,0.112643846746595,0,0.0265221164992192,0,0,0.0053329284552062
"Patient196",0,14.2988685832114,0.0413880570416544,0.0384371176498516,0.0399261233760604,0.0986191723477338,0.219771436185153,0,0.0195892467981672,0.00502511452304232,0,0.150278540650153,0.106776814026078,0.0986191723477338,0.219771436185153,0,0.0195892467981672,0.20080579222543,0,0.0220207490680869,0.0955113814411592,0,0
"Patient197",0.19879445949963,3.45903605675814,0.0371811544975955,0.0323394479437151,0.0222565555159988,0.292146039104041,0.230715956649816,0.0285661530045547,0.0505248720869359,0,0.0443263319481083,0.110016893371478,0.131211141109565,0.292146039104041,0.230715956649816,0.0285661530045547,0.0505248720869359,0,0.124022644561451,0,0.253382267614664,0,0
"Patient204",0.148667330691059,11.9572622549229,0.0901306596408075,0.0876087327116237,0.0727288041127659,0.212345739178515,0.230019262493314,0.0853149548404732,0.052922230424395,0.0838823214458243,0.0700460670522935,0.11353241647362,0.0628656241114351,0.212345739178515,0.230019262493314,0.0853149548404732,0.052922230424395,0.659819737113236,0.146407638912672,0.158446319066413,0.186367654436493,0.500018200358523,0.130446536683126
"Patient205",0.0731941976886665,26.3457001351543,0.0519488667322177,0.0513978778310665,0.0419151414721668,0.021500386173758,0.232209767415371,0.0400577720712208,0.0633254984483928,0,0.214065998130682,0.237073475389475,0.235359125557866,0.021500386173758,0.232209767415371,0.0400577720712208,0.0633254984483928,0.0439508416914423,0.277229703816497,0.0669779382761855,0.0420589255017717,0.22727852883851,0.0249700709402897
"Patient206",0.204104718390847,33.8528290723043,0.0820639135131433,0.0821328817296696,0.0688773834588977,0,0.23656616641549,0.0925253011455676,0.0397703168187246,0.0771748071783617,0.00811430263346377,0.25585617200024,0.175315451035388,0,0.23656616641549,0.0925253011455676,0.0397703168187246,0.460908493226387,0.0350728548673767,0.115673541372727,0,0.493019389854191,0.0871339947396476
