"","Epidish_BPRNACan_Mono","DeconRNASeq_BPRNACan_Mono","Epidish_BPRNACan3DProMet_Mono","DeconRNASeq_BPRNACan3DProMet_Mono","Epidish_BPRNACanProMet_Mono","DeconRNASeq_BPRNACanProMet_Mono","Epidish_CCLE_TIL10_Monocytes","DeconRNASeq_CCLE_TIL10_Monocytes","Epidish_CD226_Mono","DeconRNASeq_CD226_Mono","Epidish_TIL10_Monocytes","DeconRNASeq_TIL10_Monocytes","CBSX__LM22__Monocytes","CBSX__NSCLC.scRNAseq__Monocytes","CBSX__TIL10__Monocytes","CBSX__CCLE.TIL10__Monocytes","CBSX__CD226__Mono"
"J1_p1_rep1_B",0,0.0342398809070635,0,0.0117789356056121,0,0.0127435103902273,0,0,0.0056531227746201,0.0475868752178394,0,0,0,0,0,0,0.106907666133768
"J1_p1_rep2_B",0,0.0327518531264717,0,0.0095834555753942,0,0.0116533526630505,0,0,0.0063494308642973,0.0492297444862074,0,0,0,0,0.0052469986937929,0,0.104953028961874
"J4_p1_rep1_B",0,0.01272332639957,0,0,0,0,0,0,0.0162430386095443,0.0797653808220635,0,0,0,0,0,0,0.0949536396188375
"J4_p1_rep2_B",0,0.0131446340910905,0,0,0,0,0,0,0.0131191860125856,0.0817052137329838,0,0,0,0,0,0,0.0987609815591191
"J8_p1_rep1_B",0,0.0112420504020472,0,0,0,0,0,0,0.0435753792821091,0.0869761350837989,0,0,0,0,0,0,0.101243553119834
"J8_p1_rep2_B",0,0.0176091241271849,0,0,0,0,0,0,0.0407214030637896,0.0918629711361671,0,0,0.0035168762546702,0,0,0,0.115852570157722
"J11_p1_rep1_B",0,0.0217402543632766,0,0,0,0.00085259589811353,0,0,0.0293828772985804,0.0818234700520114,0,0,0,0,0,0,0.114772339846156
"J11_p1_rep2_B",0,0.0216814121882934,0,0,0,0,0,0,0.0283489092603787,0.0882962185278846,0,0,0,0,0.0161673826867935,0,0.110553880533419
"J14_p1_rep1_B",0,0.0218184214931295,0,0,0,0.0031605286208321,0,0,0.0167285763397987,0.0582732602590521,0,0,0.0075691374328281,0,0.009019520904983,0,0.107002918812622
"J14_p1_rep2_B",0,0.0200499985129186,0,0,0,0.00069449152324277,0,0,0.0066607073731663,0.0613379509394681,0,0,0,0,0.0060127244247815,0,0.105650141767698
"J1_p2_rep1_B",0,0.0404960736663184,0,0.0154966191917023,0,0.0169061332360619,0,0.0032956892517449,0.0230120286785239,0.0520482449337046,0,0,0.0135357485262277,0,0,0,0.0996248683214225
"J1_p2_rep2_B",0,0.0399142685295012,0,0.0142534021163072,0,0.0155612154159739,0,0.0023851554006051,0.0197523258052992,0.0523959745209205,0,0.0003252657580641,0.0143996493186593,0,0,0,0.100016809652745
"J4_p2_rep1_B",0,0.0399574598285218,0,0.0092928025227672,0,0.0107935522202942,0,0,0.0038409829697436,0.057457384366525,0,0.0039273014017691,0.0066472941713447,0,0,0,0.0979940570621361
"J4_p2_rep2_B",0,0.0422287104832828,0,0.0084876466910044,0,0.0090160883339506,0,0.0001717015052738,0.0034553461228193,0.053550189482962,0,0.0015728538292052,0.0083505679902522,0,0,0,0.0959032508996978
"J8_p2_rep1_B",0,0.0291438102005828,0,0,0,0,0,0,0.0037648950305063,0.0570515921073677,0,0.0052594041753671,0.0109969060915372,0,0,0,0.100875616722984
"J8_p2_rep2_B",0,0.0295480297328062,0,0,0,0,0,0.00018085151953806,0.0033253534624557,0.0532876992912659,0,0.0035160199775369,0.012058301117383,0,0,0,0.0929483283120588
"J11_p2_rep1_B",0,0.0249997533157772,0,0,0,0,0,0.001557508353928,0.004979744423128,0.0283045735439518,0,0.006518863186342,0.0139567062829285,0,0,0,0.087948125586843
"J11_p2_rep2_B",0,0.0239876415391377,0,0,0,0,0,0.00023645646482878,0.0033644358561937,0.0446579076835693,0,0.0060084494255988,0,0,0,0,0.0930493509965513
"J14_p2_rep1_B",0,0.0156470396269721,0,0,0,0,0,0,0.0043286761352899,0.0322510777193428,0,0.0060266307661296,0.0133288411300297,0,0,0,0.0881968715800122
"J14_p2_rep2_B",0,0.011055587105281,0,0,0,0,0,0,0,0.0168526901280382,0,0.0060315636922441,0.0126948550694458,0,0,0,0.0849592522960343
"J1_p3_rep1_B",0,0.0207111511114883,0,0,0,0.0032332553960493,0,0,0.0192152763208004,0.0547014632841298,0,0.0032290483782013,0.0092131843641242,0,0.0325192424698275,0,0.0873487697946899
"J1_p3_rep2_B",0,0.0204888673892544,0,0,0,0.0038209027689455,0,0,0.0168537667541214,0.0545900310087496,0,0.0036210327800907,0.0095268135512153,0,0.021335886282549,0,0.0842359380513731
"J4_p3_rep1_B",0,0.0187946210203492,0,0,0,0.0046212683910996,0,0,0.0226892464738228,0.0651717720602306,0,0.0010624791793513,0.0121346626120025,0,0,0,0.112046184244681
"J4_p3_rep2_B",0,0.0181150923522543,0,0,0,0.0034856230216524,0,0,0.0171141689487498,0.0572257491030646,0,0,0.0124633731485772,0,0.003129552602386,0,0.108658937725434
"J8_p3_rep1_B",0,0.0226156774793708,0,0.0014288115926189,0,0.00894924628509,0,0,0.0170195339510366,0.064473186160074,0,0,0.0144467547457718,0,0,0,0.113525983631651
"J8_p3_rep2_B",0,0.0225911892542147,0,0.00092278690590297,0,0.0085022312686559,0,0,0.0186626417181274,0.0597232330519049,0,0,0.0138258247674573,0,0.0034253876590513,0,0.113784435974099
"J11_p3_rep1_B",0,0.0258274429013478,0,0.003870141988574,0,0.010015852398993,0,0,0.0123866562804027,0.0559511633102549,0,0.00047938708063569,0.0112650643622203,0,0.0082992425919055,0,0.115289383409435
"J11_p3_rep2_B",0,0.0262049358390696,0,0.0039374641967258,0,0.0086044333049727,0,0,0.0104793898790232,0.0553332966799514,0,0,0.0103415892301585,0,0.0053253314614719,0,0.114785140026455
"J14_p3_rep1_B",0,0.0284284640688476,0,0.0072944200440639,0,0.0116632864353601,0,0,0.0157186653131253,0.0640604412336824,0,0.0021108752868436,0,0,0,0,0.111220328817678
"J14_p3_rep2_B",0,0.0269546501682221,0,0.0056379748726551,0,0.0090599563256933,0,0,0.0126919395033994,0.0605150298149366,0,0.00091795677869271,0,0,0,0.004396604811889,0.111412980432461
"J1_p1_rep1_hetero",0.0379483447276678,0.058149960787089,0.0296397151780585,0.0286629104725307,0.0138981990000191,0.0358644469679795,0.0487909058485232,0.0219765329222711,0.107575237770046,0.0776485568965986,0.0859963988052316,0.0255156302431029,0.071255285392339,0.000786598151322,0.0928427017589583,0.0589653539657732,0.0949121418915701
"J2_p1_rep1_hetero",0.0219022865740574,0.0601839940830754,0.0206485588015855,0.0231373159350928,0.0100457211293183,0.0370949436451455,0.041663016292417,0.0067042265830594,0.0559571664973997,0.0879295413052132,0.0482687779121853,0.0085455563379788,0.0599405303896887,0,0.0728476774245872,0.0405902360989215,0.0921145153907922
"J3_p1_rep1_hetero",0.0042518955191706,0.0541164908698936,0.0039375235150938,0.0181933476653564,0.0013547927199946,0.0342326768911359,0.0176568457961262,0,0.0275134374874556,0.0913454170911643,0.0239440350574825,0.0019334403473289,0.0123843648218576,0,0.0472342866803118,0.0328119296256039,0.090793335452099
"J4_p1_rep1_hetero",0,0.0444098361448812,0,0.0085428082779479,0,0.0205485747892328,0.0148905497118928,0,0.0179680440375939,0.0918477401299605,0.0194968726326917,0.0014653392346424,0.0083473912861748,0,0.0519133293417845,0.0236837383768618,0.0901015573309491
"J5_p1_rep1_hetero",0,0.0375519713803772,0,0.0010986203086232,0,0.0124903435349412,0.013831619503793,0,0.0246047957128704,0.0958883927369296,0.0191331604040674,0.0025149689318041,0.0098285783630605,0,0.0519915920743435,0.012633087741516,0.0879960910985171
"J6_p1_rep1_hetero",0,0.036495718723095,0,0.000263615309118,0,0.0095357054571336,0.0097683593712252,0,0.0148760336068085,0.0927783132852067,0.0173523097563129,0.0010652609530053,0.0121351427043128,0,0.0391210836782728,0.0238686542109752,0.0874028006894372
"J7_p1_rep1_hetero",0,0.0373513403856263,0,0.0027539142664156,0,0.0138195128546219,0.0115316708486639,0,0.0089430074704678,0.0943800633000451,0.0180201372019238,0.0016492119083126,0.0111528112762906,0,0.0405181309122207,0.0216987905891599,0.0927709607050508
"J8_p1_rep1_hetero",0,0.0347839775464874,0,0,0,0.0107226209314286,0.0112303684383099,0,0.0147741252324152,0.0912809747570284,0.0171866208056305,0.0005757631018568,0.0112793236034567,0,0.0392528442105872,0.0209864092088089,0.0872608123644459
"J9_p1_rep1_hetero",0,0.0388352587574882,0,0.0004384696954065,0,0.012026110831223,0.0114068996086553,0,0.0156265168341083,0.0860660452883443,0.0171753688666677,0.0012608816502367,0.0094251319032143,0,0.0385270177782546,0.0217379448000333,0.0888506798916239
"J11_p1_rep1_hetero",0,0.0311257644513834,0,0,0,0.0006119442467807,0.0076551042544622,0,0.015734406302586,0.0799875460994436,0.0137887209725751,0,0,0,0.0350186710360588,0.0163968087396014,0.0903744754332634
"J13_p1_rep1_hetero",0,0.0330251097639824,0,0,0,0.0074776038239037,0.0086144309235297,0,0.0051331663339554,0.0863816567078505,0.0149170601122958,0.0002614095657442,0.0098281369937302,0,0.0345306654419685,0.0191603061927846,0.0875646821805138
"J1_p1_rep2_hetero",0.036569968141002,0.0577024754478181,0.0299452496489373,0.0283365822286933,0.0147714988313172,0.0359711736822753,0.0495604127929393,0.0201500235451832,0.0978820642449794,0.0801793302292817,0.0745750673381508,0.0229606995761078,0.0653274295075247,0,0.0793893684713556,0.048631476574807,0.0958755313370387
"J2_p1_rep2_hetero",0.0209244607951104,0.0603305536077383,0.0187543609172972,0.0233062331470598,0.008458050049298,0.0364685902498735,0.0443288704825055,0.0068570567693788,0.0635700940219876,0.0862318342433174,0.0505012760325179,0.0083581251231569,0.0615741635055283,0,0.0800888105952248,0.0583593559686002,0.094107595993686
"J3_p1_rep2_hetero",0.0028990257619976,0.0538084467940735,0.00309976257449,0.0175177867770547,0.0007974307228282,0.0322217829473596,0.0187990758763097,0,0.0343418166500181,0.0909902807177242,0.0249986962326391,0.001008113529703,0.0169141449304131,0,0.0535109105221848,0.0277380549241904,0.0907069272443205
"J4_p1_rep2_hetero",0,0.0436093027565979,0,0.0071372530016143,0,0.0181492279445421,0.0154656306189443,0,0.0206414601356646,0.0912213690976248,0.0198534678292712,0.0016911959070089,0.0081638388756702,0,0.0507744986769195,0.0168990763129051,0.0927798909004983
"J5_p1_rep2_hetero",0,0.03632559877917,0,0.0007507566958954,0,0.0118791444779616,0.0110314810649053,0,0.0257234288212141,0.0964290508978613,0.0171087685308975,0.0015530564516669,0.0059940926287216,0,0.0460083356980547,0.0028868564493703,0.0892483634552688
"J6_p1_rep2_hetero",0,0.0366788519265663,0,0.0008975776892174,0,0.0102437873295646,0.0116846194211905,0,0.01302638281025,0.0913544376675774,0.0187942993399511,0.0011176781577113,0.0137806218398409,0,0.0433810340094938,0.0292290405649808,0.092251447069638
"J7_p1_rep2_hetero",0,0.0371273000475532,0,0.0012876290342804,0,0.0123785051933051,0.0103219677997619,0,0.0078462850967504,0.0938545060954982,0.0169504820204239,0.0012264049582042,0.0131183039076202,0,0.0378578977916867,0.0225661766430759,0.0915360698823404
"J8_p1_rep2_hetero",0,0.0349178396954941,0,0,0,0.0090915963152237,0.0105310337209906,0,0.0124103779572346,0.0916649205807671,0.0161966625641629,0.0002729237482191,0.0125003092215518,0,0.0405761301134442,0.0242442062771401,0.0910131553191716
"J9_p1_rep2_hetero",0,0.0371751021786258,0,0,0,0.011093610288046,0.0114250466395566,0,0.0161627577967911,0.0855473718366039,0.0174563447683198,0.0008005509185229,0.0102127565860699,0,0.0372385965077324,0.0196039124376828,0.0886421976601704
"J11_p1_rep2_hetero",0,0.0305202400870122,0,0,0,0.0004528368454389,0.0094415150185575,0,0.0153696112919498,0.0804239594204653,0.0160401899772135,0,0,0,0.0354944091087465,0.018699818827056,0.0895050224322199
"J13_p1_rep2_hetero",0,0.0334235994846558,0,0,0,0.0071053265158919,0.0069615505453472,0,0.0047727066297267,0.0848373643769201,0.0130135939163539,0,0.0103803184432185,0,0.0344018732493707,0.0214905897940885,0.0876346556104139
"J1_p2_rep1_hetero",0.0344113608041523,0.0394458213056198,0.0268551319702925,0,0.0190757989190549,0.0118189352410964,0.0393019477858232,0.0076266450234526,0.037588674405735,0.0460930179381298,0.0650662345959612,0.0129838064146435,0.0552890749691199,0.0185811151142248,0.0432165378283497,0.0465827924962113,0.101478162209798
"J2_p2_rep1_hetero",0.017199249950611,0.0446426888871756,0.010401411950578,0,0.007636223743324,0.0131713980395505,0.0366700602337162,0.0072171558195496,0.0291149825787191,0.0494778869584769,0.0635417404261068,0.0123808444185305,0.043657971614874,0,0.0692368196548544,0.0536454654702883,0.0960035913234019
"J3_p2_rep1_hetero",0.0021318883961892,0.0452918296584182,0.0006972930725773,0.004767343111512,0.0036785748209714,0.0244871853994893,0.0208611727643078,0,0.0311477297033248,0.0662668415984945,0.0311586678369303,0.004470730434327,0.0286060690813831,0,0.0603456260135635,0.0250287958427583,0.0894612861670982
"J4_p2_rep1_hetero",0.0007019137533165,0.0405336475896252,0,0,0.0040055714773787,0.0195198533311539,0.0218166286965611,0,0.0185893404618596,0.0696129259440444,0.0438782155275543,0.0040617639341305,0.0145327343425942,0,0.0265727095455607,0.0222533940230079,0.0894599604235541
"J5_p2_rep1_hetero",0,0.04188109763782,0,0,0.001847005783438,0.0160245743618115,0.0114082108886564,0,0.0200681158952337,0.0680762770778399,0.0260722201852539,0.002352209576213,0.0147450883537702,0,0.0295115346977651,0.0083661755665993,0.0913527490949479
"J6_p2_rep1_hetero",0,0.0314249573232191,0,0,0.0001253891852949,0.016088045084613,0.0103225104698193,0,0.0132343532978419,0.0792355999646274,0.0193658352049416,0.0006175516032961,0.01210903009365,0,0.0321164975283539,0.0258608791609211,0.0896957163795538
"J7_p2_rep1_hetero",0,0.0311750895040869,0,0,0,0.0136476430128812,0.0072849447234781,0,0.0108422195811917,0.0657619505467265,0.0100640640603125,0,0.0133032148674645,0,0.0166284465431923,0.0173948810820781,0.089134892845202
"J8_p2_rep1_hetero",0,0.0303899277770493,0,0,0,0.0100040238992929,0.0088629859865224,0,0.0075850001736162,0.0580011189841418,0.0139880936169452,0.0001417546668919,0.0108317175529735,0,0.0192152436168087,0.0187837826355948,0.0889803060532882
"J9_p2_rep1_hetero",0,0.0435776697376253,0,0.0051804381531673,0,0.0281360622926346,0.0101062034907144,0,0.0097124566033132,0.0479712040554359,0.0131666961390193,0,0.0139767173120179,0,0.0279995518240762,0.0164868844656233,0.0821863730221618
"J10_p2_rep1_hetero",0,0.0281692520987495,0,0,0,0.008174314229015,0.0109550283840892,0,0.0109185765418624,0.0563876958002277,0.0154260095173397,0.0011486677160209,0.0222032059766902,0,0.0269052418125129,0.0222783139043959,0.0930169359625129
"J11_p2_rep1_hetero",0,0.0393869319950412,0,0.0018872184501778,0,0.0250549688081627,0.0090891030795388,0,0.0224297734659174,0.0528348899603837,0.0127539456405398,0,0.012261908362132,0,0.0252237646829914,0.0157076377082966,0.0903426653683169
"J12_p2_rep1_hetero",0,0.0363788946130152,0,0,0,0.0155890882745332,0.0085684704424518,0,0.0287435629414399,0.0605898595436701,0.0104069905320761,0,0.0064648979787047,0,0.023180063608258,0.017138582622499,0.0897844446978904
"J13_p2_rep1_hetero",0,0.043616454452219,0,0.0035549495056211,0,0.0231909085814707,0.0111208254743752,0,0.0187692724014641,0.0666509316644122,0.0130690962444716,0,0.0130714570190042,0,0.0283012497484637,0.0150886324534431,0.0919942151831946
"J1_p2_rep2_hetero",0.0325575271623044,0.0404524284742509,0.0272437066836448,0,0.020072645753813,0.0102809754451477,0.0430295251746467,0.0071887475121624,0.038304121269163,0.0462880659938,0.0697094819133152,0.0127851955625002,0.0647604720023631,0.0172982223085851,0.0557945249849051,0.0378322186555986,0.0937229861243267
"J2_p2_rep2_hetero",0.0211599062273828,0.0447678174323933,0.0141567503472424,0,0.0088540414971149,0.0126645570450898,0.0449292847179705,0.0086114885307308,0.0269227555089062,0.0485544608417579,0.0730376982640227,0.0139024513612232,0.0449444764967751,0,0.0676642259309187,0.058711178000129,0.0940573338682561
"J3_p2_rep2_hetero",0.0020399865704314,0.0450985666546176,0.0011702418428366,0.0048554231038664,0.0047342507060788,0.0238954431541442,0.0264323855777612,0,0.0258738532255716,0.0668995312326412,0.0440498457763354,0.0058731679070709,0.0333842593533574,0,0.0482814081308644,0.035262712733366,0.0895103662637466
"J4_p2_rep2_hetero",0.0014338318466037,0.0411514206021982,3.66311267128019e-05,0,0.0056475632448087,0.0198742157183649,0.0208635728684652,0,0.0205873897113929,0.0687354578903438,0.0402061621100305,0.0045609783238974,0.0154062237495363,0,0.0415928998367262,0.0136321553528626,0.0923008783894144
"J5_p2_rep2_hetero",0,0.0389291397223022,0,0,0.0022207433044713,0.0131857433998357,0.0110683077071226,0,0.0187984105283331,0.0690141122680545,0.026555532489276,0.0017871031174471,0.0143847333802981,0,0.0333348808836568,0.0128935278797021,0.0913778137182394
"J6_p2_rep2_hetero",0,0.0311760169300415,0,0,0.0002951367668601,0.0141635096573013,0.0091869831811314,0,0.0125863146158936,0.078742463176949,0.0176787104835973,0.000324383957102,0.0139694911930096,0,0.0284698563591581,0.0236432903541792,0.0897269451790704
"J7_p2_rep2_hetero",0,0.0330229934071163,0,0,0,0.0156604287397399,0.0096559408899866,0,0.0117922068430499,0.067285531829254,0.0142595586435868,0.0003351815281118,0.0122294028787315,0,0.0220806898856101,0.0204023955436531,0.090344444754835
"J8_p2_rep2_hetero",0,0.0303736294867999,0,0,0,0.009142830198436,0.0094777115690967,0,0.0075223464857027,0.0603824308534087,0.0140597898388573,0,0.0112286869300701,0,0.0220678952932498,0.0194288694644327,0.0872799713771361
"J9_p2_rep2_hetero",0,0.0446281427153269,0,0.0064537719771561,0,0.0279926164362171,0.0088077252852276,0,0.0088169895473756,0.0482964508407555,0.0112637395032215,0,0.0128107944904802,0,0.0287309855899265,0.0187694741458875,0.0782427365976207
"J10_p2_rep2_hetero",0,0.0264357895745927,0,0,0,0.0056042622253404,0.0074298661515322,0,0.0110288785013258,0.0563484410712734,0.010723440107187,0.000254984540897,0.0126811857579091,0,0.0256105322555876,0.0203103545492557,0.0931258532342729
"J11_p2_rep2_hetero",0,0.0374761451523608,0,0,0,0.0218874873765996,0.0096731032580908,0,0.0236792160584863,0.0526568503284349,0.0133104997876813,0,0.0122174955128789,0,0.0235562831141978,0.0177434209014075,0.0869687149339398
"J12_p2_rep2_hetero",0,0.0384974402442413,0,0,0,0.016446295166219,0.0063254219669848,0,0.0274574145848871,0.0608025530025683,0.0085912800406868,0,0.0117213433625164,0,0.0236710723821593,0.0129144561287231,0.0906843414832538
"J13_p2_rep2_hetero",0,0.044641523742816,0,0.0037051368962285,0,0.022943954555818,0.0101352460287784,0,0.0210166634531989,0.0671393844939976,0.013025738489732,0,0.0139310324451654,0,0.034753587383041,0.0070394492502422,0.0920391555525869
"J1_p1_rep1_auto",0,0.0334492333391212,0,0.010677428879755,0,0.0109702740315794,0,0.0025251025978301,0.0085115487069213,0.0575482293363784,0,0,0.0065348417581132,0,0,0,0.125099012320823
"J1_p1_rep2_auto",0,0.0263709052219276,0,0.0033247531942871,0,0.005988582275554,0,0,0.0078993133017446,0.0594554305406027,0,0,0.0063083586500541,0,0,0,0.095800370996016
"J4_p1_rep1_auto",0,0.0165558991052497,0,0,0,0,0,0,0.0013307026282368,0.0851334822580815,0,0,0.0061262945291236,0,0,0,0.10289903136844
"J4_p1_rep2_auto",0,0.0147435329198405,0,0,0,0,0,0,0.0014472714886467,0.0861019333656929,0,0,0,0,0,0,0.103860490370464
"J8_p1_rep1_auto",0,0.0152787831506009,0,0,0,0,0,0,0.0392601839467556,0.0888247709973528,0,0,0.0078265826537232,0,0,0,0.106912932020601
"J8_p1_rep2_auto",0,0.0132480611087547,0,0,0,0,0,0,0.036795342956524,0.0902143196818363,0,0,0.0083904252424135,0,0,0,0.103010929491431
"J11_p1_rep1_auto",0,0.0268947315262995,0,0.0060472000001751,0,0.0097296042195033,0,0,0.0362800746463136,0.0874329117356771,0,0,0.0024213553404949,0,0.0495611398461809,0,0.10064664655759
"J11_p1_rep2_auto",0,0.0289290842040446,0,0.0076698112147938,0,0.0093372814990841,0,0,0.033606372787702,0.0883843750646291,0,0,0.0105940054906329,0,0.0111792142810676,0,0.106167239912377
"J14_p1_rep1_auto",0,0.0252365092008394,0,0.0041046213827811,0,0.0071514701960833,0,0,0.0352453550122977,0.081606932212302,0,0,0.0099628336447806,0,0.0177069766075302,0,0.102286246078581
"J14_p1_rep2_auto",0,0.0259813926262935,0,0.0052637412790194,0,0.0092967520876663,0,0,0.0315179885546851,0.0817177338304779,0,0,0.011973153354712,0,0.0412444464920681,0,0.0857613016643243
"J1_p2_rep1_auto",0.0010748867359074,0.0463797740803269,0.00075650613984388,0.0221109318638977,0,0.0220231711153209,0.013805617331325,0.004718890911052,0.0360944817179325,0.0592639256533232,0.0067778067596972,0.0034557828438053,0.0180633906629432,0,0.002294177381435,0,0.098286896417249
"J1_p2_rep2_auto",0.0008679584314519,0.0461973753537144,0.00042211690011487,0.020195537413766,0,0.0205473536222106,0.0111115445985975,0.0050689328929117,0.046079735435353,0.0552378778529318,0.0022339662529546,0.0022313686862188,0.0179636455822261,0,0,0,0.103021460764292
"J4_p2_rep1_auto",0,0.037813465674241,0,0.0093560293136302,0,0.0100808256113078,0,0,0.0034743348589384,0.0636113428937078,0,0.0027739978020943,0.0179250455425051,0,0,0,0.0913256087398393
"J4_p2_rep2_auto",0,0.0386153101558752,0,0.0083725875114335,0,0.0102442779650391,0.0031252470824982,0,0.0047297614842808,0.0637465488203317,0,0.0048289954293445,0.014784182003873,0,0,0,0.0865784778706949
"J8_p2_rep1_auto",0,0.0218026208398584,0,0,0,0,0,0,0.0121794641904741,0.0761523378683779,0,0.0018061018169217,0.0148244649067758,0,0,0,0.108894551422775
"J8_p2_rep2_auto",0,0.023240014040972,0,0,0,0,0,0,0.0118258564488946,0.0751310818950383,0,0.0025674339156911,0.0128296702293346,0,0,0,0.123180179420287
"J11_p2_rep1_auto",0,0.0213718450022701,0,0,0,0,0,0,0.018654967494724,0.0682375345173545,0,0.0046227829829376,0.0111027320154585,0,0,0,0.0984515214712652
"J11_p2_rep2_auto",0,0.0251103848506715,0,0,0,0,0,0,0.0223252312363083,0.0683976875547722,0,0.0050071835350424,0.0116719822257259,0,0,0,0.094830200387228
"J14_p2_rep1_auto",0,0.0256623039187205,0,0.0002987031732699,0,0.003022816713306,0,0,0.0208816132625905,0.0691588348434593,0,0.0050180174689079,0.0116522669842867,0,0,0,0.0970066600909165
"J14_p2_rep2_auto",0,0.0261801791356637,0,0,0,0.0035879563084801,0,0,0.026521788329977,0.0745025720787227,0,0.0050238981104838,0.0107236545491557,0,0,0,0.0912150399002786
"J1_p3_rep1_auto",0.0020809347521197,0.0305402838064134,0,0.0095593065770751,0,0.0137295775614992,0.0048272647062318,0,0.0360811466707078,0.0541873888353706,0.0048905967594693,0.0027868371325447,0.0169401751982891,0,0.029132821466434,0,0.117530482851786
"J1_p3_rep2_auto",0.0049045329158523,0.0314076043046445,0.0023760097014122,0.0104277923080711,0,0.0152384304377479,0.0082647375076323,0,0.0318223522718522,0.0560366892572498,0.0073859772970533,0.0039535368544346,0.02168335170591,0,0.0107252372853356,0,0.113406501452764
"J4_p3_rep1_auto",0,0.0235807579495702,0,0.0022466973372337,0,0.009466523679704,0,0,0.0239323846905849,0.0560468023670858,0,0.00089759406675582,0.016004896697507,0,0.0275323626932752,0,0.107533297175287
"J4_p3_rep2_auto",0,0.0254453504564085,0,0.0033603202178981,0,0.0103024914963583,0,0,0.0214023964864396,0.0553030616624925,0,0.00068805006977756,0.0074988027977176,0,0.0231155872292312,0,0.112730882946944
"J8_p3_rep1_auto",0,0.0283310759060802,0,0.0063580401987403,0,0.0122134483233166,0,0,0.0141892300574751,0.0514749370976627,0,0,0.0119272578452939,0,0.0160331584344779,0,0.110701475749068
"J8_p3_rep2_auto",0,0.0269313240015438,0,0.0059413044258802,0,0.0134021099328535,0,0,0.0212838876373336,0.0570674968816791,0,0.00070479738331555,0.0110021665879668,0,0.0285009668890479,0,0.110953662847163
"J11_p3_rep1_auto",0,0.0276329933727365,0,0.0057990754556269,0,0.0118097549407722,0,0,0.013361940077911,0.0470971033726702,0,0,0.0122825297130704,0,0.027665540680309,0,0.112985241330322
"J11_p3_rep2_auto",0,0.031224947790088,0,0.0085014051860474,0,0.0150432847308102,0,0,0.0113055420680317,0.0429138908567727,0,0.00021678508899078,0.0149252827248419,0,0.0260584495159733,0,0.114627052700527
"J14_p3_rep1_auto",0,0.0323503541741081,0,0.0103510166149037,0,0.0155874208120818,0,0,0.014259940082092,0.0473125979259814,0,0.0014255040670189,0.0080062294388517,0,0.0324520204749581,0,0.10603996551257
"J14_p3_rep2_auto",0,0.0248764629026921,0,0.0023035125804878,0,0.0066078549824715,0,0,0.0020433644236329,0.0590368642360519,0,0,0,0,0,0,0.0951632376552217
