"","Quantiseq_Neutrophil","Epidish_CCLE_TIL10_Neutrophils","DeconRNASeq_CCLE_TIL10_Neutrophils","DeconRNASeq_TIL10_Neutrophils","CBSX__TIL10__Neutrophils","CBSX__CCLE.TIL10__Neutrophils"
"LP.01.01",0.0698831243847122,0.0112671827812448,0.129758125146758,0.126301195901344,0,0.00981025254609754
"LP.01.02",0.0927684704453419,0.0573207890564808,0.260965355426164,0.24660406491735,0,0.0407723905440106
"LP.01.03",0.174647983383458,0.0169157166756224,0.287179676287706,0.277112014671571,0.0332791127212046,0.00392993495222103
"LP.01.04",0.0353855506581674,0,0.112854238286068,0.134470742395576,0.038727505035266,0.0174502826003612
"LP.01.08",0.0518427927329324,0,0.145550630120325,0.150641468933295,0,0
"LP.01.10",0.104070498325479,0.0366896493730888,0.117778782536951,0.124616773702153,0,0.00288543797781544
"LP.01.12",0.130135958475521,0.0194636188971141,0.228202430201227,0.209235012872728,0,0.0238018368432574
"LP.01.14",0.0818973207979014,0,0.0834310569641921,0.0945900389794455,0,0
"LP.01.15",0.106020116121393,0.00262466954598753,0.247516143095234,0.268665576355416,0.0548005909359303,0.0324379149030885
"LP.01.16",0.0724519762785434,0.0295285754477911,0.118077697247003,0.142576860374288,0.00198604951704278,0.0081767592946788
"LP.01.18",0.102921443498443,0.0126122011337473,0.203633421359585,0.222157306975554,0.0128018010926988,0.0104560664214478
"LP.01.19",0.121923729358185,0.00439997474391141,0.190208486715419,0.184428203253206,0.0160382033278129,0
"LP.01.20",0.0810666257860376,0.0408215282329159,0.184757882934022,0.19158580148081,0,0
"LP.01.22",0.0278206993247659,0.0297104802175267,0.14275054333264,0.152147050354646,0,0
"LP.01.23",0.085760710200603,0.0298122954160898,0.167867347435736,0.176649813410808,0,0
"LP.01.24",0.12325150637543,0.0847570058170338,0.266047592438148,0.256550528422619,0,0.00972871407357381
"LP.01.25",0.108357435840347,0.00425676158419029,0.244867298017104,0.243054477352967,0.00149885056989221,0.0454460363554002
"LP.01.28",0.0726274765233949,0.0611388236555625,0.196176779862067,0.186653637119554,0,0.030633634280892
"LP.01.31",0.0534523964787494,0.0288631008302755,0.126015534527029,0.128738374172833,0,0
"LP.01.32",0.0655749870052223,0,0.181646404079967,0.206801134561586,0,0
"LP.01.34",0.0809230528854545,0.000398345392165996,0.0774312243334811,0.0941440860571058,0.00717584579227821,0
"LP.01.35",0.0692672690215002,0.00251370499355462,0.158211002704521,0.152648820392003,0,0
"LP.01.40",0.0999115799983301,0.0261702225706621,0.148745752985854,0.207568521017446,0.0432264731970809,0.018658424223252
"LP.01.42",0.0625258522320965,0,0.0986846293544127,0.127943726032794,0.00462174744075934,0.00040084186728149
"LP.01.46",0.0465860960089723,0.0117703189390443,0.121817342457162,0.129650349926123,0,0.0106531305102321
"LP.01.47",0.0921220851012238,0.0113731008040365,0.122372188746124,0.123829240671662,0,0
"LP.01.57",0.0662554947270102,0.000500389853296428,0.203390722843868,0.205991596432557,0.00095800817820981,0
"LP.01.58",0.0894288382156369,0,0.156393916407359,0.185161932954159,0,0.00900913402490069
"LP.01.61",0.0393398557785985,0,0.124718718200795,0.180502237071878,0.104498166430131,0
"LP.01.64",0.0485043384929621,0,0.114872200476775,0.167725058921177,0,0
"LP.01.66",0.0411641775667481,0,0.122689437176657,0.139579594356293,0,0
"LP.01.67",0.145220911154674,0.0474154123180983,0.26015435125751,0.251515322956259,0,0.046036005015167
"LP.01.68",0.16216977364694,0.0370039197829675,0.296442832022076,0.287039515963846,0.0282293333818798,0
"Test.FFPE.01",0.0938891146974792,0.0197572723683916,0.148078246879573,0.203514058443599,0.0834238694531212,0.0402129892940377
"Test.FFPE.02",0.0551489017854905,0.0023265920897291,0.10528969701252,0.118379860938318,0,0
"Test.FFPE.03",0.0981831045562771,0.0203246861989671,0.0874524379325434,0.0868250487126771,0,0.00826997530062575
"Test.FFPE.04",0.106830930799696,0.0267406450591642,0.165624388797451,0.187284749213078,0,0
"Test.FFPE.05",0.061037412136671,0,0.0839142219733768,0.0941059283908543,0.00244248027859719,0
"Test.FFPE.06",0.0996411410883195,0.0333722541905389,0.137287697144561,0.178524854152407,0.0483572531482813,0.0175976031917238
"Test.FFPE.08",0.0275949445688181,0,0.0864461044771889,0.11232718013831,0,0
"Test.FFPE.09",0.201786635536236,0,0.137591600199689,0.172568735446527,0,0
"Test.FFPE.10",0.0893070158992029,0,0.197134095142234,0.213505764012627,0,0
"R3388_YZ_1",0.146748815277548,0.0349448152441095,0.251758820491714,0.227765146736528,0,0.0235077809318319
"R3388_YZ_2",0.233966002280097,0.00272485434737013,0.325743887783388,0.306796613510899,0,0
"R3388_YZ_3",0.251083371442122,0.035482533000464,0.270790988011434,0.258073815787705,0.0509453230573951,0.00795271223019798
"R3388_YZ_4",0.13087376302162,0.0246072154426621,0.180348261929013,0.201900622608286,0,0.0108508605669646
"R3388_YZ_5",0.0811885640149423,0.00893266280574392,0.108002626791259,0.115532379218518,0,0
"R3388_YZ_6",0.213430350006274,0,0.33385044585608,0.325521200816311,0,0
"R3388_YZ_7",0.293092889797371,0.0303853134977587,0.268551485025529,0.255936554634782,0.0526053244336944,0.0281015017398996
"R3388_YZ_9",0.117074455634074,0,0.0798221838966185,0.105378153065866,0.00244158237512223,0
"R3388_YZ_10",0.17456801216377,0.0125165814384283,0.21074672070248,0.186453188703433,0,0.0197029148051701
"R3388_YZ_11",0.144630520415874,0.00502665623573695,0.166662232539319,0.165312807419398,0.0403791575270197,0
"R3388_YZ_12",0.294163404122066,0.0163047718674443,0.120136955077831,0.108013225615098,0.056414155149977,0.0597944835334778
"R3388_YZ_13",0.143315354862171,0.0416992935901788,0.290750520669786,0.298598642622177,0.110348164734667,0.0664605300176258
"R3388_YZ_14",0.141358667317007,0,0.194952753574046,0.19512019433933,0,0
"R3388_YZ_15",0.126441662780094,0.00403187730213189,0.14526690603913,0.133477290418528,0,0
"R3388_YZ_16",0.107517719430968,0.0391883367809015,0.227731401585458,0.201467196226946,0,0.0646860860155447
"R3388_YZ_17",0.136263184862326,0.015040216501787,0.139029008346371,0.130565364148456,0,0.00078559980865038
"R3388_YZ_19",0.145896810665301,0.02668193624362,0.151229543820844,0.188411458857736,0.142378443946137,0.0287173739342802
"R3388_YZ_20",0.112576793494966,0,0.0599895918905775,0.107249117568618,0.0270876024634311,0.00064515450934877
"R3388_YZ_21",0.21968310985827,0.0348367049898171,0.194784754519979,0.17893466776008,0,0
"R3388_YZ_23",0.204727540668777,0,0.194194746719109,0.184360245089871,0.0393165260420229,0.0278975884692379
"R3388_YZ_24",0.115833795145251,0.037338706558375,0.25915510378183,0.215754114855153,0,0.0327769690222324
"R3388_YZ_25",0.265272383697706,0.0932469870926614,0.278673442206281,0.266178706150628,0.0659629807049172,0.0493036458490623
"R3388_YZ_26",0.143263307085017,0.0486377885092914,0.178537110710937,0.149002201046734,0.0202371083530569,0.0576460069883806
"R3388_YZ_27",0.18388305927937,0.0504737172064204,0.305632224279925,0.286329768318062,0,0.0693646207572102
"R3388_YZ_28",0.130203512219143,0,0.0700927841625071,0.0806513062912198,0,0
"R3388_YZ_29",0.0698152253830928,0,0.140189836501361,0.13548382998379,0,0
"R3388_YZ_30",0.18673313243349,0.041479260223886,0.116553978840973,0.151087278197534,0.0111810532616886,0.0239739301660795
"R3388_YZ_31",0.165406498078939,0,0.158338930370599,0.15472265406177,0,0
"R3388_YZ_32",0.163562125911554,0.0243427935717443,0.226973071794345,0.209578259309343,0,0
"R3388_YZ_33",0.154383310623997,0,0.176844581399897,0.161352696324943,0.0404143745848341,0
"R3388_YZ_34",0.234602248774076,0.0296005878554141,0.270564258798298,0.261978344446555,0,0.028942577699255
"R3388_YZ_35",0.179381191680703,0,0.13409846191635,0.116598140544,0,0
"R3388_YZ_36",0.252052655499218,0,0.165494642093812,0.159384189644056,0,0
"R3388_YZ_37",0.207396852853004,0.0216652081056095,0.224658883780323,0.21069959872477,0,0
"R3388_YZ_38",0.0878079838994031,0,0.192175669856166,0.174269866544602,0,0
"R3388_YZ_39",0.129890873633657,0,0.26268756161555,0.255649304208155,0,0
"R3388_YZ_40",0.162812705194682,0,0.0676773804832614,0.130270894859418,0,0
"R3388_YZ_41",0.14820956590045,0.0314425138468534,0.267982533995453,0.250467575982833,0,0.0178352750130412
"R3388_YZ_42",0.0919838802400893,0.00215487182964635,0.173885362359621,0.199932639471583,0.0229931389172331,0
"R3388_YZ_43",0.124977900807149,0.0388280723347998,0.229928072488953,0.212290579685888,0.0326649187141228,0.00973325544332318
"R3388_YZ_44",0.14692096828256,0,0.0616488869745504,0.0817533943156866,0,0
"R3388_YZ_47",0.0673381854760925,0,0.114599918385801,0.106925596444051,0,0
"R3388_YZ_48",0.096871252630516,0,0.167719740893311,0.176484000854516,0,0
"R3388_YZ_49",0.215384294055192,0.00301726757861512,0.235192927855091,0.229524507430929,0,0
"R3388_YZ_50",0.218531183651666,0.00607868032880554,0.181960036512294,0.154028298675998,0,0
"R3388_YZ_51",0.182438348642875,0,0.195655148951473,0.237399656502965,0.0264249272235974,0.0112508161418682
"R3388_YZ_52",0.176360295572303,0.0055547934404535,0.242242614744175,0.22521203728175,0.0134025342107616,0
"R3388_YZ_54",0.140918229894041,0,0.0928019369151594,0.083524159616229,0,0
"R3388_YZ_55",0.150784165439664,0,0.0754337540658812,0.0959805890708408,0,0
"R3388_YZ_57",0.215840441469482,0.0160158508196252,0.255044547090482,0.246452052436467,0.0670792479907252,0.0072268275985344
"R3388_YZ_58",0.092444789874575,0,0.210761892322916,0.202584174915204,0.00488744514984017,0
"R3388_YZ_60",0.255327001469971,0.0420330172726212,0.316914223436945,0.29424704069184,0.0567888097288729,0.0382975245449333
"R3388_YZ_61",0.101980366578735,0.00795588632264176,0.121777954245748,0.122980468183416,0.00831673706221718,0
"R3388_YZ_62",0.25140561538347,0.0401724602725154,0.250022160088765,0.234450663604811,0.00659388962276001,0.0165592126267113
"R4163_YZ_1",0.097231610617485,0,0.101642119449854,0.0902545044064867,0,0
"R4163_YZ_2",0,0,0,0,0,0
"R4163_YZ_3",0.0317223191229521,0.00203301925808413,0.015613266984713,0.00199566470330941,0,0
"R4163_YZ_5",0.119587588406577,0,0.100001652957634,0.102880143435893,0,0
"R4163_YZ_7",0.106981192183852,0,0.207240039037826,0.19423517265502,0,0.00770995411086084
"R4163_YZ_8",0,0,0,0,0,0
"R4163_YZ_9",0.116997946893154,0.00208439936440776,0.182913825700018,0.164557518128738,0,0
"R4163_YZ_16",0,0,0.0890211214459815,0.0774119952879865,0,0.0236744715051312
"R4163_YZ_17",0,0.0120089874508242,0.0755814895690455,0.0473479385259768,0,0.00527178202641566
"R4163_YZ_18",0.0305521969376175,0.000288326518001773,0.0806563599952148,0.0581224809000607,0,0
"R4163_YZ_19",0.0378706563622745,0,0.0659502555976785,0.0543288681891863,0,0
"R4163_YZ_20",0.0915502517784282,0,0.11207298202403,0.111303245645918,0,0
"R4163_YZ_21",0.118020480065581,0,0.0767928980303308,0.0642668144317837,0,0
"R4163_YZ_22",0.0564704092906921,0,0.0442446004025837,0.0251891092258081,0,0
"R4163_YZ_23",0.165493104489221,0,0.147855903910216,0.139474810639705,0,0
"R4163_YZ_25",0.0541861557293512,0,0.0563757357152343,0.0529258719453788,0,0
"R4163_YZ_26",0.210051669712305,0.0138536456653558,0.11142414181859,0.107914116049176,0,0.0160415341813317
"R4163_YZ_28",0,0,0.0106168058374522,0,0,0
