"","Quantiseq_NK_cell","DeconRNASeq_BPRNACanProMet_NK","Epidish_CBSX_Fig2ab.NSCLC_PBMCs_scRNAseq_sigmatrix_NKT.cells","DeconRNASeq_CBSX_Fig2ab.NSCLC_PBMCs_scRNAseq_sigmatrix_NKT.cells","DeconRNASeq_CBSX_Fig2ab.NSCLC_PBMCs_scRNAseq_sigmatrix_NK.cells","Epidish_CBSX_LM22_NK.cells.resting","DeconRNASeq_CBSX_LM22_NK.cells.resting","DeconRNASeq_CBSX_scRNA.Seq_melanoma_Tirosh_sigmatrix_SuppFig_3.b_NK.cells","Epidish_CCLE_TIL10_NK.cells","DeconRNASeq_CCLE_TIL10_NK.cells","Epidish_Fig2ab.NSCLC_PBMCs_scRNAseq_sigmatrix_NKT.cells","DeconRNASeq_Fig2ab.NSCLC_PBMCs_scRNAseq_sigmatrix_NKT.cells","DeconRNASeq_Fig2ab.NSCLC_PBMCs_scRNAseq_sigmatrix_NK.cells","Epidish_LM22_NK.cells.resting","DeconRNASeq_LM22_NK.cells.resting","DeconRNASeq_scRNA.Seq_melanoma_Tirosh_sigmatrix_SuppFig_3.b_NK.cells","Epidish_TIL10_NK.cells","DeconRNASeq_TIL10_NK.cells","CBSX__LM22__NK_cells_resting","CBSX__NSCLC.scRNAseq__NKT_cells","CBSX__TIL10__NK.cells","CBSX__CCLE.TIL10__NK.cells"
"R3388_YZ_1",0.0633513574210295,0.09984567443948,0.138971971334726,0.111346372564745,0.148381310006008,0.0460493371279025,0,0.0363886434253659,0.0498210486102847,0.10978301587516,0.138971971334726,0.111346372564745,0.148381310006008,0.0460493371279025,0,0.0363886434253659,0,0.133171662712244,0.0312765812779742,0,0,0.0767181901500533
"R3388_YZ_2",0.0730094360327435,0.0907627770727404,0.142482072830605,0.0419525306701998,0.117045147096932,0.0885014174735215,0,0.00706873616854204,0.118690511916923,0.105938976820746,0.142482072830605,0.0419525306701998,0.117045147096932,0.0885014174735215,0,0.00706873616854204,0.111813944542359,0.119037199711049,0.0618918655356531,0,0.0961428769999005,0.127019718908665
"R3388_YZ_3",0.0327789295892615,0.0966308474551861,0.134062126119646,0.110465925246961,0.152642904495211,0.029785750949151,0.00118713976012396,0.0460220302902316,0.023515265993593,0.0969301695544212,0.134062126119646,0.110465925246961,0.152642904495211,0.029785750949151,0.00118713976012396,0.0460220302902316,0,0.101877192904313,0.0295115184485966,0,0.0131272646603592,0.0224227959383219
"R3388_YZ_4",0.0680214786507733,0.059863782304577,0.16022685356252,0.0665102940170832,0.113313918234511,0.117784782275089,0,0.0212616646759698,0.155012079429753,0.22281828082426,0.16022685356252,0.0665102940170832,0.113313918234511,0.117784782275089,0,0.0212616646759698,0.227973067456623,0.293789614409936,0.088902345918311,0,0.214139914689568,0.0550408521243991
"R3388_YZ_5",0.0612889585536256,0.0688222511312021,0.0951038926531772,0.108256302509251,0.114966530734889,0.126696465109942,0,0.0165974340599872,0.0840141582342285,0.105167923270049,0.0951038926531772,0.108256302509251,0.114966530734889,0.126696465109942,0,0.0165974340599872,0.0950737311864889,0.147047725833184,0.109038031894527,0,0,0.0787625480244427
"R3388_YZ_6",0.0718689491377108,0.102388662143398,0.25898742753249,0.122002516868652,0.14779863914821,0.0687785970443697,0.0409912207942185,0.0588121642472916,0.0486849280782717,0.136686764727735,0.25898742753249,0.122002516868652,0.14779863914821,0.0687785970443697,0.0409912207942185,0.0588121642472916,0.11096802601561,0.156133871084853,0.0791926404025177,0.377554712328559,0.0412925165902141,0
"R3388_YZ_7",0.044206739686457,0.0893804901939557,0.0778787034384322,0.083805630595003,0.143139646114624,0.0983212325904854,0.0166181220084115,0.0329718705796806,0.0786395188057129,0.105562661312977,0.0778787034384322,0.083805630595003,0.143139646114624,0.0983212325904854,0.0166181220084115,0.0329718705796806,0,0.111215265446735,0.0912818668665465,0,0,0.0929524485911853
"R3388_YZ_9",0.044896230955226,0.052399878362897,0.0847886350996897,0.0900754047601256,0.11470761608241,0.0823856170385863,0,0,0,0.0536547894571402,0.0847886350996897,0.0900754047601256,0.11470761608241,0.0823856170385863,0,0,0.0262917672301434,0.0962809846351044,0.0569384638126918,0,0.0154976224078855,0
"R3388_YZ_10",0.0808736989373675,0.0963003682784512,0.107959880264984,0.103400503147212,0.136038124062409,0.0875795878762936,0,0.0516860203949862,0.0693309660239435,0.200060769920826,0.107959880264984,0.103400503147212,0.136038124062409,0.0875795878762936,0,0.0516860203949862,0.181674817466755,0.214345173257242,0.0367482232915628,0.167947240293194,0,0.0383808685501534
"R3388_YZ_11",0.0796677707703196,0.0821824972195793,0.251795451868919,0.13983402180054,0.140716315798361,0.0863298435278816,0.0175648633236529,0.0625622026622382,0.0846159656100774,0.297485635140624,0.251795451868919,0.13983402180054,0.140716315798361,0.0863298435278816,0.0175648633236529,0.0625622026622382,0.151272877762502,0.327009627114494,0.0578055001951496,0.314888192143267,0.199855013172372,0.0843793143611022
"R3388_YZ_12",0.040160991849978,0.0726908681603854,0.252416411380763,0.121052905871697,0.168385726605536,0.0518643485253317,0.0113821502564083,0.0505978463347775,0.0613062201811968,0.151858373456922,0.252416411380763,0.121052905871697,0.168385726605536,0.0518643485253317,0.0113821502564083,0.0505978463347775,0.0374509142860798,0.169312847093463,0.0653726735599907,0.113866559224207,0.068915464936353,0
"R3388_YZ_13",0.0477892131665498,0.063011090677912,0.214853826431812,0.113564888672304,0.0927575021141343,0.0977771885350153,0,0.0246790164732865,0.0501222021083333,0.191914593725725,0.214853826431812,0.113564888672304,0.0927575021141343,0.0977771885350153,0,0.0246790164732865,0,0.218743753905509,0,0.23663852838694,0,0
"R3388_YZ_14",0.0591314891441651,0.0717119384776271,0.172662675347298,0.06497693023544,0.0951369930108827,0.099603225823865,0.0134760500594248,0,0.0635990766305234,0.17893821069224,0.172662675347298,0.06497693023544,0.0951369930108827,0.099603225823865,0.0134760500594248,0,0.120513395371133,0.199585272317438,0.078281646602614,0,0.0889239938550359,0.103020124057717
"R3388_YZ_15",0.0811408255268597,0.0794699704690444,0.302701139734202,0.0827921372167713,0.125441636169907,0.000336308875938898,0.060233691664084,0.00031539948961283,0.0642285508015881,0.252857073383408,0.302701139734202,0.0827921372167713,0.125441636169907,0.000336308875938898,0.060233691664084,0.00031539948961283,0.0258299915042622,0.26303488166132,0,0.0514835822785571,0,0.0401008883470651
"R3388_YZ_16",0.0632729262857074,0.0784031436476174,0.0507467470131894,0.0755778710403484,0.115149395194062,0.0635958178647802,0,0.00371920181575961,0.0800823894646942,0.106928651748817,0.0507467470131894,0.0755778710403484,0.115149395194062,0.0635958178647802,0,0.00371920181575961,0.016126426285797,0.109339722803851,0.047066231340792,0,0,0.0176733799054963
"R3388_YZ_17",0.0540409663710247,0.076659484285647,0.0932255461128743,0.1013870597152,0.168568309184454,0.0961998484649233,0,0.0376634397145885,0.0114238779881041,0.107269979671595,0.0932255461128743,0.1013870597152,0.168568309184454,0.0961998484649233,0,0.0376634397145885,0,0.140871063462516,0.0653898647110239,0,0,0
"R3388_YZ_19",0.0337925687168249,0.0504071290089433,0.0906258497318096,0.0706869788639808,0.132321264208578,0.107714128988524,0,0.0222356856082851,0.0314370800843295,0.0682008711973946,0.0906258497318096,0.0706869788639808,0.132321264208578,0.107714128988524,0,0.0222356856082851,0.017535804370526,0.102666405859548,0.0840493073716889,0.078774577080013,0,0.0465908562383597
"R3388_YZ_20",0.0351089758513427,0.082247617233515,0.241791619743109,0.105872848048765,0.15659429024312,0.0817837703567429,0.0352706611780976,0.0294726202285974,0,0.0777808718337383,0.241791619743109,0.105872848048765,0.15659429024312,0.0817837703567429,0.0352706611780976,0.0294726202285974,0,0.134553166401527,0.0908671190202307,0.125521511932766,0.0149632197924369,0
"R3388_YZ_21",0.0675201128463513,0.0720571629171685,0.0748239084886475,0.019899403651961,0.1013132619114,0.0735354243136563,0,0,0.0928320901545528,0.201220868360194,0.0748239084886475,0.019899403651961,0.1013132619114,0.0735354243136563,0,0,0.184505036980369,0.214455174917218,0.0313719157321344,0,0.169037199484607,0.0656767973029723
"R3388_YZ_23",0.0631012857161817,0.0839732647256243,0.256404946193249,0.119557110078928,0.128547741488435,0.0417851527741941,0,0.0514369071603529,0.0189751114814441,0.296032745791203,0.256404946193249,0.119557110078928,0.128547741488435,0.0417851527741941,0,0.0514369071603529,0,0.302953257925936,0.0571763389235243,0,0.0780444257339448,0.0236864158809877
"R3388_YZ_24",0.065049788541126,0.0691825865356722,0.124824664962413,0.0546748419405376,0.138145497384496,0.0850261776759268,0,0,0.0378065413252826,0.110214681737786,0.124824664962413,0.0546748419405376,0.138145497384496,0.0850261776759268,0,0,0,0.127691716337298,0.0554926407652337,0,0,0
"R3388_YZ_25",0.0481801738615069,0.0761581338298941,0.112214845127068,0.132521618621339,0.136034998505236,0.0868309441051721,0,0.0295318165895756,0.0710491669596674,0.0789193536599396,0.112214845127068,0.132521618621339,0.136034998505236,0.0868309441051721,0,0.0295318165895756,0.0275371977255192,0.0884821393908525,0.0630523627389667,0,0,0.0247439917186674
"R3388_YZ_26",0.051013429682466,0.0940238911558411,0,0.0554568478523069,0.158107214694893,0.0421824162939362,0,0.0321492004542797,0.034811484698734,0.070795957250231,0,0.0554568478523069,0.158107214694893,0.0421824162939362,0,0.0321492004542797,0,0.0661951626607097,0.0339985537320783,0,0,0.0639377898844506
"R3388_YZ_27",0.0591221622060644,0.0771107128811224,0.0759352894541829,0.0669960153266464,0.109541994892167,0.0826120249278078,0,0.0068162784661603,0.0786114891120799,0.0954364879193801,0.0759352894541829,0.0669960153266464,0.109541994892167,0.0826120249278078,0,0.0068162784661603,0.0220274786982907,0.104186851506441,0.0708320709017829,0,0.0179283207139605,0.0494077307884403
"R3388_YZ_28",0.0549400403593685,0.068893341351914,0.0523948841251188,0.029358584571318,0.105061361557346,0.0970818042947374,0,0,0.0499019132610492,0.125228495012431,0.0523948841251188,0.029358584571318,0.105061361557346,0.0970818042947374,0,0,0.0485217601603607,0.152193781439647,0.0797095751362987,0.0335226909690225,0.123126009850755,0.106592341457307
"R3388_YZ_29",0.0509031136380898,0.0843170019541026,0.290867707710363,0.0441601161088504,0.116324720185557,0.105396807899226,0.00153207671167691,0.0329491203495948,0.0044388699172321,0.108113405889764,0.290867707710363,0.0441601161088504,0.116324720185557,0.105396807899226,0.00153207671167691,0.0329491203495948,0,0.128908046082851,0.0414024588736045,0,0,0.00623612862635117
"R3388_YZ_30",0.0292048387879082,0.0916769269308748,0.129998231367215,0.0625750549391133,0.131203809732425,0.0563186022974708,0,0.0191004504008663,0.000371012191196901,0.0690131865678729,0.129998231367215,0.0625750549391133,0.131203809732425,0.0563186022974708,0,0.0191004504008663,0,0.108198733756221,0.0597982622023366,0,0,0
"R3388_YZ_31",0.0590511323023767,0.0908073293532238,0.284381863658574,0.117642937616951,0.187561888205007,0.128394409832346,0,0.045118883427417,0.0419331195116258,0.128081040721612,0.284381863658574,0.117642937616951,0.187561888205007,0.128394409832346,0,0.045118883427417,0.0210763223077802,0.155049612390899,0.11568898480874,0,0.0326313940669494,0.0356732340768744
"R3388_YZ_32",0.0503315312712427,0.0785058987584632,0.149796240655468,0.10279965853062,0.141728874163377,0.0583106596229225,0,0.0172225352688849,0.0183909744600984,0.0774572648414427,0.149796240655468,0.10279965853062,0.141728874163377,0.0583106596229225,0,0.0172225352688849,0,0.11383492342531,0.0642003400435689,0.177251646692963,0.129984097260063,0
"R3388_YZ_33",0.111044265870624,0.0867873176712426,0.262800937598058,0.106200643706775,0.183373392625703,0.0936700794317038,0.0301977789578823,0.0401617105471146,0.0642358189242813,0.216547187956003,0.262800937598058,0.106200643706775,0.183373392625703,0.0936700794317038,0.0301977789578823,0.0401617105471146,0.0431111300130256,0.237740572178539,0.0773017386190077,0.00160005376571345,0.0248848208405392,0
"R3388_YZ_34",0.0559098716840022,0.0683797975217253,0.27561979372189,0.03746277486671,0.0965265711536471,0.0651395055952572,0.00800737265898368,0,0.102968440068089,0.188610501726521,0.27561979372189,0.03746277486671,0.0965265711536471,0.0651395055952572,0.00800737265898368,0,0.197049790708579,0.205159573236953,0.04015284821994,0.0190541718405982,0.0292386006809504,0.144457541460336
"R3388_YZ_35",0.0750415037643293,0.0791593095740434,0.0165358663606617,0.0697677796851857,0.159911528586756,0.0692376615712285,0,0.0100175928586108,0.157258477323699,0.134933754341136,0.0165358663606617,0.0697677796851857,0.159911528586756,0.0692376615712285,0,0.0100175928586108,0.151056344805863,0.142991458380766,0.099034155025106,0.0116256557747598,0.143616800750086,0.0892833575698455
"R3388_YZ_36",0.0410156884284843,0.0759076798884302,0.220359771155637,0.123357116288711,0.175614335166559,0.0845331668456114,0.0160572169141326,0.0416657853127687,0.0271767561416624,0.198777279660929,0.220359771155637,0.123357116288711,0.175614335166559,0.0845331668456114,0.0160572169141326,0.0416657853127687,0.00456136257228791,0.205609639633774,0.0482245344624189,0,0,0
"R3388_YZ_37",0.0531902518736573,0.0678617824598352,0.0624583719805799,0.107389465709885,0.138254574066297,0.0704909768398795,0,0.0116573550925024,0.0334457894816454,0.153829433320553,0.0624583719805799,0.107389465709885,0.138254574066297,0.0704909768398795,0,0.0116573550925024,0,0.161228344239534,0.0366143433517757,0,0.0769947325959138,0.0570875167917237
"R3388_YZ_38",0.0708058739007813,0.0674140374164891,0.0912838710264486,0.0458246515056095,0.0973574376929944,0.0830556134406536,0,0,0.0607391170454666,0.102773228228342,0.0912838710264486,0.0458246515056095,0.0973574376929944,0.0830556134406536,0,0,0.0133608901184935,0.113298249223108,0.0648917628038096,0,0,0.0106390510180697
"R3388_YZ_39",0.051921870220663,0.0737323500116455,0.139299790557506,0.102081323483494,0.11117045587567,0.0499798312996004,0,0,0.0742976844719334,0.147914936483734,0.139299790557506,0.102081323483494,0.11117045587567,0.0499798312996004,0,0,0.0655114764197625,0.162250107603733,0.0564776422937462,0,0,0.113050604711367
"R3388_YZ_40",0.0464670046289576,0.045838852809316,0.0983384329411539,0,0.0952984363635451,0.143868957881193,0.0067953229527777,0,0.0104753277475066,0.0489444923054525,0.0983384329411539,0,0.0952984363635451,0.143868957881193,0.0067953229527777,0,0.117715033298854,0.113551815356202,0.118806740939982,0.0696149400700396,0.11180333729144,0.00885067645483321
"R3388_YZ_41",0.0765011071323506,0.0873510732941216,0.0218204953145303,0.0707482342911844,0.108926990567362,0.0411148952664671,0,0.00318987506918602,0.066958942320237,0.143875721481016,0.0218204953145303,0.0707482342911844,0.108926990567362,0.0411148952664671,0,0.00318987506918602,0.0334587144478439,0.151780063114182,0.0397850014274796,0,0.00322306810010271,0.0251486983889902
"R3388_YZ_42",0.0430886098206386,0.0730829499569283,0.176580353434836,0.122280466332336,0.16525646338329,0.0461092458986134,0.00667193370524626,0.0518577912910851,0.0661897924107297,0.182573274799396,0.176580353434836,0.122280466332336,0.16525646338329,0.0461092458986134,0.00667193370524626,0.0518577912910851,0.128330121032674,0.247746246634689,0.0240092147057635,0.131904855918037,0.00829486114889695,0.0658028491265614
"R3388_YZ_43",0.0452212406085422,0.0698649755621497,0.143152457491745,0.122623307699102,0.120610426795168,0.083159144198818,0,0.0181299133421721,0.0270274955720578,0.0766292092820866,0.143152457491745,0.122623307699102,0.120610426795168,0.083159144198818,0,0.0181299133421721,0,0.0959457603916641,0.0533639292437153,0.142294194373937,0,0.0157527758484607
"R3388_YZ_44",0.054046903077242,0.0745185487703045,0.169394379888193,0.0873294650658084,0.0892248425327786,0.0611975742704802,0,0,0.0265087403199014,0.260303114439098,0.169394379888193,0.0873294650658084,0.0892248425327786,0.0611975742704802,0,0,0.070828159664612,0.31153487713639,0.04456599405089,0.0128072234330393,0.0832200747572005,0
"R3388_YZ_47",0.0873374167000561,0.0824917808409503,0.247049344950344,0.130083718562471,0.144933571879405,0.0475649060737265,0.0125258599768457,0.0273925328430115,0.088979730041295,0.24661410713153,0.247049344950344,0.130083718562471,0.144933571879405,0.0475649060737265,0.0125258599768457,0.0273925328430115,0.170099550515318,0.291604655145929,0.015439203403941,0,0.203231973795484,0.0720466934198294
"R3388_YZ_48",0.0420944936465428,0.0745482136692059,0.221393514305822,0.123568822789527,0.18123167789418,0.10957109076901,0,0.0481180357855219,0,0.0903482185937391,0.221393514305822,0.123568822789527,0.18123167789418,0.10957109076901,0,0.0481180357855219,0,0.114788545731903,0.0755918475744103,0.191356029252588,0.0381182834832641,0
"R3388_YZ_49",0.0695932664198708,0.0806983528529034,0.0925251071709543,0.0893655641240817,0.135084044504629,0.102463100184378,0,0.00701510415984596,0.17401858257465,0.223102783193764,0.0925251071709543,0.0893655641240817,0.135084044504629,0.102463100184378,0,0.00701510415984596,0.283142177484495,0.238969891423916,0.0945964095491673,0,0.0797373665103841,0.198222173080795
"R3388_YZ_50",0.0538815612549573,0.0715473452704143,0.0925527139596588,0.0433459974750418,0.0954484253363657,0.082703355432591,0,0,0.0609007767253419,0.171965892169486,0.0925527139596588,0.0433459974750418,0.0954484253363657,0.082703355432591,0,0,0.105593513237453,0.156184317363701,0.0453004516953712,0,0.101617935370297,0.0494366275603017
"R3388_YZ_51",0.0361380210335754,0.0639288828608388,0.332180371338564,0.0589268323775929,0.0990947451851376,0.110440593928384,0.00560648956612757,0.015005836732603,0.00072640733498761,0.129571301053246,0.332180371338564,0.0589268323775929,0.0990947451851376,0.110440593928384,0.00560648956612757,0.015005836732603,0.118201236938997,0.183747815862277,0.106613939084325,0,0,0
"R3388_YZ_52",0.0570259648723652,0.081432343147106,0.0310371373319193,0.0517655167365892,0.136123713727102,0.0761314762886151,0,0.0022422728750947,0.0546516852553532,0.124599981661935,0.0310371373319193,0.0517655167365892,0.136123713727102,0.0761314762886151,0,0.0022422728750947,0.0210264596125252,0.130658183494762,0.0383053139228971,0,0.0865907036144615,0.0590369802194649
"R3388_YZ_54",0.0542322020187853,0.0685871580276586,0.0701163569303686,0.112290294930888,0.132494503061595,0.0892234473181799,0,0.00866755379338953,0.0803495276770469,0.124599711554233,0.0701163569303686,0.112290294930888,0.132494503061595,0.0892234473181799,0,0.00866755379338953,0.103527026240832,0.132912270196683,0.0729947467063169,0,0,0.0873161290173193
"R3388_YZ_55",0.0599104844422824,0.0666482510976017,0.177668049005937,0.104007716063549,0.140520910208279,0.160253804504718,0.0154338675388442,0.0332848651248946,0,0.0660962473808556,0.177668049005937,0.104007716063549,0.140520910208279,0.160253804504718,0.0154338675388442,0.0332848651248946,0,0.107457335478986,0.118617260486742,0.028141444770962,0.0465709242469354,0.0103921863815717
"R3388_YZ_57",0.0485168901743196,0.0534195043534539,0.27315707046277,0.0921264004136556,0.101814490507998,0.0982252795025591,0.0382474920331003,0.00767974475090178,0.00473605247765134,0.184367130221788,0.27315707046277,0.0921264004136556,0.101814490507998,0.0982252795025591,0.0382474920331003,0.00767974475090178,0,0.192177565503197,0.110046760542428,0.0243836488181994,0.0100030091727055,0
"R3388_YZ_58",0.0709313231280688,0.0729905678634591,0.210309791295593,0.0928247934508072,0.120967521415832,0.0748540807277687,0.0148721556113488,0.00764773181956193,0.069666682453647,0.120704903096548,0.210309791295593,0.0928247934508072,0.120967521415832,0.0748540807277687,0.0148721556113488,0.00764773181956193,0.166331930569159,0.152361756426186,0.0652917055484267,0,0.0417180306687767,0.0576110989643617
"R3388_YZ_60",0.072696081190417,0.0821879965849906,0.0846074981192673,0.103848688333739,0.138402164210385,0.0778546721296692,0.055920026318988,0.0524816000899909,0.161209502632143,0.144571119850701,0.0846074981192673,0.103848688333739,0.138402164210385,0.0778546721296692,0.055920026318988,0.0524816000899909,0.408459297598839,0.159575746371614,0.0757244916650571,0.0488012946111631,0.100161247825304,0.224662126911785
"R3388_YZ_61",0.0619086597275766,0.0950961027789775,0.178786004045298,0.109850739711856,0.169027981501989,0.0780501186043637,0,0.0246039828330257,0.0674475728454528,0.157394903601426,0.178786004045298,0.109850739711856,0.169027981501989,0.0780501186043637,0,0.0246039828330257,0.0544020789413525,0.159364130266377,0.00383690369202138,0.0742098871401007,0.113234626665913,0.120917257650413
"R3388_YZ_62",0.0892217366706387,0.109836689535843,0.144694717793812,0.0914528848889066,0.156193234365181,0.141934297677141,0.0371635559644162,0.0451286076413223,0.117167120662129,0.153163925880749,0.144694717793812,0.0914528848889066,0.156193234365181,0.141934297677141,0.0371635559644162,0.0451286076413223,0.167987056259289,0.162546294221881,0.145767103694626,0,0.12489699106312,0.166116895142628
"R4163_YZ_1",0.0738706025132685,0.0946275201488931,0,0.0805622612928054,0.118175677148986,0.113661611289774,0.0379736237122767,0.0370086695863733,0.12374267127273,0.129519543733933,0,0.0805622612928054,0.118175677148986,0.113661611289774,0.0379736237122767,0.0370086695863733,0.109957503007796,0.158287194007236,0.079705232178558,0,0.0856467601401182,0.087931293455038
"R4163_YZ_2",0.0916014223569668,0.064815329018146,0,0,0.114860209279182,0.0715513915583235,0,0,0.0470786279476272,0.0784380787810838,0,0,0.114860209279182,0.0715513915583235,0,0,0.0218815775844846,0.0797305975097305,0.0767633535865639,0,0.0151540671697606,0.0552322189231681
"R4163_YZ_3",0.0508594247949435,0.0287580126258789,0,0,0.0543326840634083,0.0816920126914291,0,0,0.0531689360428846,0.0399867081672703,0,0,0.0543326840634083,0.0816920126914291,0,0,0.0421106859337433,0.056095647329562,0.0733257385943217,0,0.0155827526945948,0.0227084630359796
"R4163_YZ_5",0.0485000790163735,0.0493019790100022,0,0,0.0576723208834587,0.0855081767759424,0,0,0.0192645698624405,0.0845269697555344,0,0,0.0576723208834587,0.0855081767759424,0,0,0.00644479541551954,0.118306061178774,0.0648405828619751,0,0.00191047726473038,0.0234269819913303
"R4163_YZ_7",0.0611236870151588,0.0601746052828507,0.0387479998654348,0.0557720491056476,0.123824598279829,0.0793028713375974,0.0166341479887689,0.0156942271772588,0.0524144610302963,0.109045448473085,0.0387479998654348,0.0557720491056476,0.123824598279829,0.0793028713375974,0.0166341479887689,0.0156942271772588,0.0195810728726543,0.118444605804888,0.0784700908132305,0.052300184079131,0,0.00414350628134694
"R4163_YZ_8",0.169637994596985,0.088950214329729,0,0,0.195521059746756,0.0862203069896545,0.0337522703884542,0.0524321446598022,0.0298770008888061,0.213722897308106,0,0,0.195521059746756,0.0862203069896545,0.0337522703884542,0.0524321446598022,0.0506290135301933,0.28427320119954,0.128320185557089,0,0.081847988780547,0.0646545633678444
"R4163_YZ_9",0.0754132953782689,0.0343263211627835,0,0,0.0687815626779695,0.0642110093633547,0,0,0.055140767959051,0.143414377856683,0,0,0.0687815626779695,0.0642110093633547,0,0,0.0702503278504028,0.154730417590987,0.0496691082236999,0,0.0370119572047412,0.0588253946458137
"R4163_YZ_16",0.0500501672358387,0.0538838997168351,0,0.0700502001886318,0.120887269255051,0.0445795217208624,0,0.046480325817556,0.0195748194505743,0.236072937390083,0,0.0700502001886318,0.120887269255051,0.0445795217208624,0,0.046480325817556,0.0133643319962059,0.248768253962618,0,0,0,0
"R4163_YZ_17",0.212958815736801,0.125188059270062,0,0,0.171965362058686,0.0891362587246554,0.0692157305153167,0.061630768484921,0.141811137285467,0.178565174695075,0,0,0.171965362058686,0.0891362587246554,0.0692157305153167,0.061630768484921,0.139342798111498,0.190632843229853,0.0920234771065152,0,0.151043191149661,0.147616389315385
"R4163_YZ_18",0.137959502038619,0.0917514498342331,0,0.000258039495722062,0.159965488628232,0.0329307485024222,0.0412674114578213,0.011446471817354,0.215919366333658,0.24092097754226,0,0.000258039495722062,0.159965488628232,0.0329307485024222,0.0412674114578213,0.011446471817354,0.251695450887889,0.252447596252424,0.0417302840123766,0,0.199465441051584,0.182859427658481
"R4163_YZ_19",0.0858406911776087,0.076298079314026,0,0.0365717204691364,0.160295637265234,0.0930625847343103,0.0335597116458181,0,0.067506925795637,0.176858981675589,0,0.0365717204691364,0.160295637265234,0.0930625847343103,0.0335597116458181,0,0.0479929086030685,0.181897862368385,0.0878545932631507,0,0.0250010911802831,0.067336526409724
"R4163_YZ_20",0.0650956999608267,0.0505409041473279,0,0.040896894721465,0.143432153920263,0.0930220235421655,0.017172395863838,0.0114522736285832,0.0276554373458419,0.24314394207567,0,0.040896894721465,0.143432153920263,0.0930220235421655,0.017172395863838,0.0114522736285832,0,0.259374935342965,0.093199574396465,0,0,0.0550793309288936
"R4163_YZ_21",0.0900383217718659,0.0723820519461522,0,0.023851224302743,0.191887478265969,0.0650192492347936,0.00352772884912649,0.0194048433575047,0.0228306078060658,0.106010138532206,0,0.023851224302743,0.191887478265969,0.0650192492347936,0.00352772884912649,0.0194048433575047,0,0.111834438152074,0.0665782045735005,0,0,0.0381755499947441
"R4163_YZ_22",0.0816911976374413,0.079703457743195,0,0.0527260939594063,0.170436281287205,0.105253388431083,0.028588959370661,0.0068644082715383,0.0716248463599587,0.0995421891604386,0,0.0527260939594063,0.170436281287205,0.105253388431083,0.028588959370661,0.0068644082715383,0.012952355327921,0.110813842267953,0.086115668974557,0,0.010508229241106,0.08292595522912
"R4163_YZ_23",0.0623145131140107,0.0472428420156563,0,0,0.0856231844696407,0.090888168425439,0,0,0.090423261322549,0.0974231213722863,0,0,0.0856231844696407,0.090888168425439,0,0,0.058437609634705,0.106419783528551,0.0704101678288189,0,0.0589550415462935,0.0793262949966529
"R4163_YZ_25",0.080155939228417,0.0697659363100615,0,0,0.119096965667891,0.0780541498022868,0.0109256236528963,0,0.0519516129148792,0.0921558731600722,0,0,0.119096965667891,0.0780541498022868,0.0109256236528963,0,0,0.0983277085968652,0,0,0.0260669228451867,0.0945115961944267
"R4163_YZ_26",0.0772371355645847,0.0766876752449753,0.229938020176418,0.0750385718939059,0.175513506119887,0.0890314461251183,0.0347962040682004,0.0311425528294656,0.15466043044344,0.232041708962419,0.229938020176418,0.0750385718939059,0.175513506119887,0.0890314461251183,0.0347962040682004,0.0311425528294656,0.0282912084592554,0.244268354199721,0.0956927975372838,0.0112038634201337,0.0091983191878979,0.156193451749904
"R4163_YZ_28",0.12879520034755,0.0900141019772409,0,0,0.193966767913303,0.119218925483257,0.0990643311288148,0.0464284650945875,0.160800510117586,0.249320862814321,0,0,0.193966767913303,0.119218925483257,0.0990643311288148,0.0464284650945875,0.155801591598754,0.254247768493262,0.100842206655495,0,0.162357250646166,0.142252166441607
"IP.108b",0.0282478045764885,0.0854844751589194,0.103364616033751,0.0693292691729043,0.22542633048504,0.111511227835814,0.0224343641397496,0.0489342772256688,0,0.0911526309901831,0.103364616033751,0.0693292691729043,0.22542633048504,0.111511227835814,0.0224343641397496,0.0489342772256688,0,0.111310574833334,0.122783111403421,0.015887787136532,0,0
"IP.115b",0.0145628100421218,0.0776297551380719,0.157694725381533,0.0661784288911099,0.224232144195795,0.0732643692453379,0.0321171218139409,0.0759452458424615,0,0.0592520139448037,0.157694725381533,0.0661784288911099,0.224232144195795,0.0732643692453379,0.0321171218139409,0.0759452458424615,0,0.116027332026399,0.0724482043922516,0,0.0681851708711307,0
"IP.124b",0.0291459515742402,0.0781696507806527,0,0.0443560043328542,0.231305233351046,0.0583135805931554,0.0149217861121703,0.034463483284692,0,0.0762634383787915,0,0.0443560043328542,0.231305233351046,0.0583135805931554,0.0149217861121703,0.034463483284692,0,0.0901282353060892,0.0427561611003886,0,0,0
"IP.127",0.106119394988414,0.105359611241735,0,0.0603597931442764,0.253595834612097,0.0397227032116905,0.0429186523654056,0.092118291540041,0.035018407238103,0.192625432019218,0,0.0603597931442764,0.253595834612097,0.0397227032116905,0.0429186523654056,0.092118291540041,0.216848559618651,0.213417680515966,0.0158751739570506,0,0,0
"IP.138b",0.0340907186780392,0.112045298328165,0,0,0.184167144020461,0.0379710959802171,0,0.0161598325185851,0.0214183333219161,0.103376866514828,0,0,0.184167144020461,0.0379710959802171,0,0.0161598325185851,0,0.126766778659258,0.0552569776640112,0,0,0
"IP.140b",0.0601206664205003,0.119644132888291,0,0,0.22045985716382,0.0629099956147219,0.02806230473765,0.040799216426832,0.01776147214624,0.122587054233174,0,0,0.22045985716382,0.0629099956147219,0.02806230473765,0.040799216426832,0,0.148259373689726,0.026624318557909,0,0,0.0386570422451756
"IP.148",0.0396772507491008,0.0581376920735565,0.0434616391452294,0.0941447277945005,0.187736480961541,0.00901983363794741,0.0213038036571986,0.0426836550522092,0.0303528048572821,0.35430271208811,0.0434616391452294,0.0941447277945005,0.187736480961541,0.00901983363794741,0.0213038036571986,0.0426836550522092,0,0.377571204991592,0.00637632564698887,0,0,0
"IP.197",0.0370354137194126,0.0920396593650645,0.105963350111729,0.038912702074432,0.262928892132258,0.031956417877221,0.0407130137546603,0.0942581654886439,0,0.193857054037719,0.105963350111729,0.038912702074432,0.262928892132258,0.031956417877221,0.0407130137546603,0.0942581654886439,0.0144126317599363,0.289392645972354,0.0110601290667772,0,0,0
"IP.214",0.0409337009301693,0.0869425045416546,0,0.0661754506761003,0.248346611219291,0.0317801214345039,0.0219799441593169,0.0964644739853489,0,0.100092662193849,0,0.0661754506761003,0.248346611219291,0.0317801214345039,0.0219799441593169,0.0964644739853489,0,0.1715257260564,0.0855341964418247,0,0.136965549673371,0.00449624675766635
"IP.28",0.0173951647487152,0.0688961764830896,0.040593894653704,0.0618942697884588,0.261863137198098,0.00978475139578155,6.31421820897898e-06,0.0877548388909185,0,0.0920061503459656,0.040593894653704,0.0618942697884588,0.261863137198098,0.00978475139578155,6.31421820897898e-06,0.0877548388909185,0,0.161323425798858,0,0.480924962198915,0,0.0590719971371213
"IP.31b",0.0440074487265254,0.0615485564636303,0,0.0428805223945715,0.262342630037653,0.0317863954382306,0.0360372941353133,0.0497730908201324,0,0.110972330535734,0,0.0428805223945715,0.262342630037653,0.0317863954382306,0.0360372941353133,0.0497730908201324,0,0.120579363989273,0.0221559280076535,0,0,0
"IP.36",0.0346023986439056,0.0581044313432476,0.0586410774601417,0.061851198883117,0.250398756012119,0.111811573934207,0.0376240137343843,0.0830725476501988,0,0.0947618867890229,0.0586410774601417,0.061851198883117,0.250398756012119,0.111811573934207,0.0376240137343843,0.0830725476501988,0,0.135508580011111,0.126212388968625,0,0,0
"IP.38b",0.000100790501433565,0.103516093569698,0.305977165716632,0.0849347128665323,0.243787688013408,0.1308377353093,0.0852108802334088,0.107512073668206,0,0.063871613553963,0.305977165716632,0.0849347128665323,0.243787688013408,0.1308377353093,0.0852108802334088,0.107512073668206,0,0.109156734101521,0,0,0,0
"IP.52",0.0331592483859201,0.104226152672419,0.154004272002096,0.0789370778957833,0.207119339953886,0.0511211030090035,0.040158316347338,0.0608999648452851,0.017485630438976,0.105177101336846,0.154004272002096,0.0789370778957833,0.207119339953886,0.0511211030090035,0.040158316347338,0.0608999648452851,0,0.174623739898083,0.0404939954861417,0,0.0117005594494523,0.00763446317591436
"IP.57",0.0283232214050993,0.0406241127368437,0.319628405583763,0.0756698339755445,0.239555780656004,0.0395825352005757,0.0149879615597802,0.0496411199403278,0,0.0682305301475942,0.319628405583763,0.0756698339755445,0.239555780656004,0.0395825352005757,0.0149879615597802,0.0496411199403278,0,0.141514070259232,0.00819858407577402,0.371395300959917,0,0
"IP.58b",0.0462557225584359,0.123423863871117,0.00678342348016847,0,0.153328484841698,0.0960848637084324,0.0465572004116708,0.0125673310687312,0.0706988611254532,0.193373035591893,0.00678342348016847,0,0.153328484841698,0.0960848637084324,0.0465572004116708,0.0125673310687312,0.0716204438581374,0.228349624647266,0.0742236933908512,0.0166520099056921,0,0
"IP.67b",0.0257468459929327,0.0935068721378785,0.913810860722628,0.0616407000446651,0.263155044596659,0.0807568608557653,0.0348751504523866,0.118376830498919,0,0.0717768354590851,0.913810860722628,0.0616407000446651,0.263155044596659,0.0807568608557653,0.0348751504523866,0.118376830498919,0,0.118505717347447,0.106255895707687,0.220525531436037,0.106304073628156,0
"IP.73",0.0269836935183986,0.0956669400957518,0.247355869296617,0.0723026131197835,0.252249909097013,0.0357326197062324,0.0382739575711648,0.0543376917315308,0,0.0671221876872341,0.247355869296617,0.0723026131197835,0.252249909097013,0.0357326197062324,0.0382739575711648,0.0543376917315308,0,0.107810369618631,0.0406655351353616,0.254028470549675,0,0
"IP.82b",0.123974427440941,0.11643326840664,0,0,0.241779113482502,0.0531583713645554,0.0165303291297404,0.0602599543135318,0.0165684285415287,0.165416039472237,0,0,0.241779113482502,0.0531583713645554,0.0165303291297404,0.0602599543135318,0,0.18951238686668,0.0600362484070007,0,0,0.00124350811225621
"IP.89b",0.0309023585519774,0.0981029842116173,0.0655348640298251,0.0495582776184624,0.242755178817839,0.0438113448138022,0,0.0705323917561335,0,0.0770998450243708,0.0655348640298251,0.0495582776184624,0.242755178817839,0.0438113448138022,0,0.0705323917561335,0,0.112848247342155,0.0695249608275613,0.132697581295152,0,0
